400 589 21
635667748 34
17 851 721 178 988 491 582 705 662 796 23 821 613 481 313 97 55 224 426 603 606 142 740 393 384 916 923 285 58 196 37 795 50 105
608626004 42
604 971 658 778 354 107 111 817 609 212 333 863 660 889 73 750 163 553 534 451 722 187 530 730 494 221 38 402 448 562 855 495 414 715 763 364 135 888 993 288 510 198
514125424 39
919 924 668 573 497 595 172 651 125 896 290 72 940 312 159 423 649 223 136 788 365 485 789 150 517 101 108 752 522 608 802 490 902 655 93 734 277 661 69
682066119 18
594 549 233 416 259 934 733 937 714 415 431 764 385 480 180 120 61 831
615150729 31
28 223 392 765 868 649 312 518 247 423 159 638 305 912 273 938 520 442 538 118 307 726 469 109 536 595 290 759 72 924 497
708682268 40
333 111 397 107 112 817 212 453 354 75 660 717 419 187 864 163 730 534 353 553 750 532 106 687 889 289 478 171 147 612 13 572 91 148 701 460 19 715 448 526
988595266 23
510 135 599 251 633 648 993 625 287 364 976 936 849 971 660 333 778 467 111 863 112 212 869
544453252 49
131 351 105 862 384 37 50 694 720 528 271 285 874 680 795 426 55 700 313 606 876 456 845 611 97 740 959 293 586 428 474 681 301 782 46 986 203 310 988 23 582 721 662 613 683 491 883 17 821
618232290 38
322 732 39 181 904 239 375 639 897 347 861 388 995 686 800 236 328 321 566 396 146 352 434 498 67 197 682 932 994 828 341 326 1000 90 965 318 635 617
688749401 23
382 943 286 250 614 624 623 33 471 699 18 48 399 516 145 371 429 892 500 220 284 555 308
576491591 37
492 267 103 400 21 773 334 92 556 238 929 577 16 947 132 552 76 731 814 569 767 174 908 331 462 437 834 713 756 768 9 68 24 533 5 214 972
541161496 33
779 324 143 454 261 215 330 509 502 909 998 810 525 190 98 882 865 880 405 369 511 787 123 356 373 742 657 160 546 659 770 45 542
773382334 32
713 531 634 756 462 388 686 781 861 639 842 347 905 989 566 352 396 328 236 447 434 166 121 628 84 690 991 410 100 218 439 113
554920214 29
913 565 785 566 434 236 989 447 498 74 218 439 690 340 84 121 427 590 576 621 791 639 32 128 781 905 753 347 686
768122950 26
189 116 699 422 108 788 374 490 697 517 401 962 365 789 501 902 661 471 624 943 960 250 20 505 614 35
627941736 20
547 162 644 348 391 152 875 496 844 66 87 64 617 318 684 129 635 418 326 735
700041954 29
990 173 600 676 593 698 175 854 856 825 299 248 667 997 26 803 650 139 524 7 514 65 421 957 47 951 824 794 1
848967457 40
53 234 200 29 358 665 810 385 480 714 836 120 656 415 672 798 786 564 580 10 170 559 544 63 268 758 591 793 88 475 841 637 222 104 771 40 799 262 503 211
793158769 34
663 545 598 6 161 8 253 465 615 988 582 567 683 721 662 491 613 845 55 393 700 606 229 959 876 339 78 270 466 463 329 210 945 746
514130474 43
495 448 402 221 855 494 38 715 925 562 414 597 266 625 433 135 574 936 251 849 888 763 237 336 45 657 956 373 71 542 770 719 160 419 453 354 467 397 817 75 778 971 717
767734475 53
186 919 896 290 72 497 172 125 818 868 741 136 223 247 984 765 518 423 392 649 235 307 801 538 118 780 938 305 188 109 389 469 981 335 140 108 101 734 484 697 277 374 962 517 93 752 751 902 150 661 274 655 195
