485 630 442
74267130 46
156 25 193 583 314 502 779 599 997 806 269 927 460 284 293 85 985 246 87 1000 788 765 112 618 993 926 477 367 728 932 875 104 476 457 417 329 587 326 392 987 604 851 271 896 935 607
147144141 6
607 928 138 70 898 482
720737995 74
959 713 576 242 939 679 717 395 448 46 981 166 723 724 153 326 574 423 221 861 29 714 233 987 993 370 56 890 852 402 738 162 467 313 403 405 343 471 800 790 868 132 308 590 208 460 267 781 234 840 614 905 226 953 897 947 8 139 150 762 876 663 228 188 65 632 882 888 783 24 755 331 697 474
177656142 33
606 375 154 599 340 58 176 292 307 122 652 445 624 413 320 286 640 859 703 623 740 590 406 763 344 672 392 497 586 707 102 312 212
359880052 79
622 227 943 928 701 594 724 324 6 395 609 997 253 311 620 344 252 377 459 596 48 255 339 896 841 45 152 257 401 155 230 627 98 157 327 43 880 650 274 611 749 878 273 368 573 525 744 383 472 143 638 810 390 830 207 739 981 815 139 136 44 765 585 200 444 979 431 93 731 56 55 480 285 328 199 209 204 592 675
284373437 36
836 827 410 42 565 390 856 703 877 251 819 813 802 262 792 232 707 522 639 113 353 923 440 552 132 995 846 75 21 282 655 857 460 64 250 376
796160805 83
430 34 708 249 846 510 989 93 568 863 732 681 215 6 472 766 137 467 963 211 487 597 865 695 56 280 945 432 85 754 213 118 461 315 322 323 304 415 890 166 146 922 151 394 850 640 212 812 202 50 408 419 745 816 698 41 599 134 794 811 603 606 272 918 928 946 573 342 187 738 839 109 469 341 854 318 980 65 482 182 466 889 952
513779562 30
649 602 302 135 747 465 737 705 736 6 632 681 578 973 219 667 163 327 488 503 180 805 835 596 638 368 62 527 319 975
719315582 82
929 236 453 675 700 542 379 787 547 362 819 477 686 37 143 848 364 630 703 895 537 843 424 256 302 574 230 892 158 823 697 185 874 238 915 660 136 629 478 612 314 866 107 514 581 88 216 828 104 670 650 359 925 303 932 506 890 175 16 712 871 200 585 460 466 596 948 94 425 911 760 291 17 273 457 488 698 330 591 719 331 949
549575995 24
232 501 875 758 516 587 629 67 523 440 884 119 387 330 543 650 89 833 18 361 56 474 848 105
98732804 39
176 486 90 170 471 673 670 346 430 537 284 58 955 806 850 191 924 588 520 819 237 608 651 255 968 728 167 515 883 956 690 721 397 859 69 881 888 498 769
760908171 74
76 977 757 266 252 696 785 70 933 392 73 539 711 130 618 877 996 853 184 685 573 580 896 115 648 128 3 497 525 404 323 501 512 588 753 208 724 822 492 467 246 382 177 728 351 405 723 203 760 127 167 655 242 166 782 596 663 29 120 66 704 973 930 291 77 137 367 250 980 833 496 713 362 223
89101063 52
945 266 354 704 392 872 710 985 38 843 580 700 224 52 117 927 24 46 569 452 534 935 701 513 120 196 225 481 418 288 598 715 905 951 770 296 823 480 633 212 322 564 911 897 967 27 990 425 744 793 958 678
31560494 98
149 41 47 981 459 334 579 525 238 881 294 886 55 125 870 266 799 433 528 695 400 907 741 331 613 534 288 290 379 110 791 419 157 771 229 842 701 753 80 934 399 317 340 523 538 958 321 970 485 16 721 743 885 462 73 497 347 361 138 725 822 280 143 978 403 724 820 455 476 251 388 874 919 728 749 456 685 69 425 521 436 146 264 672 959 336 520 657 48 10 381 289 875 199 43 950 18 498
893086426 78
237 651 538 964 751 993 1000 820 418 521 607 915 136 631 225 823 150 881 871 511 613 92 152 839 642 194 789 660 43 566 279 280 568 817 243 319 809 595 490 578 467 96 844 602 78 420 424 228 652 646 738 264 89 241 455 731 435 742 477 160 20 756 727 188 351 397 349 945 886 926 763 334 122 364 411 541 139 990
983775193 28
80 808 873 320 262 955 106 856 696 583 367 68 690 446 255 40 842 336 881 450 765 354 813 527 246 952 869 790
450380088 57
950 312 619 563 267 725 419 314 659 137 381 348 934 988 740 776 942 427 207 174 877 323 879 41 201 125 992 69 266 431 16 215 743 987 778 9 711 548 674 369 684 407 68 618 394 807 745 687 586 303 213 462 977 91 854 177 567
804499846 56
833 276 613 47 370 599 176 378 661 723 404 381 759 810 449 728 203 607 824 241 192 126 453 5 102 544 859 278 110 56 875 294 683 488 341 53 438 516 782 99 591 185 479 349 994 279 76 548 238 899 789 781 376 786 829 136
515379996 58
598 403 333 891 85 820 231 489 257 99 623 707 689 807 186 389 153 816 700 53 714 840 834 441 433 971 269 568 966 726 165 720 58 56 156 877 638 645 486 88 267 192 128 425 729 516 929 545 331 981 597 396 782 836 604 752 456 524
751014069 82
688 788 239 95 944 468 85 940 953 524 558 496 652 334 225 167 263 769 850 243 717 245 414 499 433 18 602 888 541 671 69 580 810 660 27 105 479 463 44 783 986 278 637 639 502 156 901 622 5 495 691 601 908 189 33 925 790 273 817 812 693 397 704 423 726 182 237 122 964 222 426 242 859 64 14 458 759 970 718 947 3 642
364701088 38
459 900 319 207 873 23 981 598 556 217 71 520 438 497 113 296 912 661 228 275 30 37 33 1000 754 331 354 396 419 980 206 670 650 764 894 672 744 843
98633580 25
914 99 749 762 211 397 673 769 57 900 44 87 937 428 86 690 759 791 437 529 770 994 550 419 757
37856795 5
500 637 22 811 902
551714472 21
663 682 308 688 802 364 587 197 875 625 239 917 735 29 705 263 150 699 164 569 807
550276958 34
659 946 736 469 848 207 380 510 240 687 197 41 403 136 238 556 362 214 795 630 948 175 335 562 325 385 77 893 191 34 607 849 979 342
30536670 24
900 49 688 139 88 236 531 842 371 120 397 85 333 543 714 280 718 48 841 42 432 917 286 623
414922302 43
823 633 585 492 810 484 541 497 974 980 733 504 173 455 624 569 891 308 112 605 588 829 4 780 222 436 49 507 410 702 750 584 334 76 144 169 968 992 142 947 997 119 531
539009972 10
421 280 502 377 219 330 381 998 903 168
589105398 57
929 100 158 512 433 843 587 928 363 906 920 504 852 995 853 322 877 176 713 650 807 214 378 25 896 758 375 798 277 772 559 557 223 716 69 656 911 7 935 273 913 206 129 116 201 333 790 429 508 502 78 315 67 456 691 962 565
663461417 89
194 541 318 750 763 385 170 770 647 529 705 920 793 910 400 260 462 732 49 891 591 902 320 257 969 127 948 930 44 716 41 237 256 710 338 19 95 508 140 93 36 844 12 180 106 439 919 494 840 809 437 741 481 693 61 959 992 343 2 708 383 590 963 445 928 333 787 473 983 174 668 347 353 125 109 791 955 630 204 391 723 684 83 783 995 75 477 348 134
765283860 6
448 304 217 781 194 3
808590605 37
528 272 874 880 749 335 22 792 289 4 995 679 78 31 113 212 25 539 689 724 672 548 661 120 203 229 252 748 583 856 627 110 479 501 341 227 835
507600363 37
123 718 365 153 795 747 617 6 156 694 846 179 593 859 298 147 87 549 246 670 756 873 779 235 373 120 813 559 834 183 33 551 899 185 697 645 702
256135767 58
748 612 487 340 822 136 839 909 37 84 578 792 956 708 378 680 179 191 238 12 373 270 914 271 806 610 267 959 664 33 618 411 996 456 102 818 592 940 78 628 376 7 771 331 66 149 11 245 339 248 608 63 870 522 685 675 483 951
48207985 17
335 603 260 330 58 362 499 1 653 928 980 28 934 751 711 1000 899
544338721 10
589 320 203 3 189 76 687 864 911 989
133058848 28
323 802 668 4 212 381 855 385 782 192 413 68 294 475 67 544 195 14 132 866 216 486 55 644 172 270 554 512
795388469 44
834 623 980 189 712 43 45 97 177 588 861 244 881 687 662 424 675 907 98 242 392 504 885 915 773 438 426 594 751 611 568 82 800 401 146 194 797 370 385 806 965 265 492 626
173358041 13
652 947 821 894 691 325 778 605 449 568 383 394 670
331926993 96
103 144 361 248 338 158 193 59 894 998 24 510 489 649 550 212 301 849 385 546 891 709 675 495 509 242 229 903 911 222 215 366 717 928 613 54 437 113 330 155 136 839 996 741 207 788 941 943 333 831 651 8 677 512 601 906 766 864 479 980 195 907 343 350 713 505 200 863 500 687 955 58 475 895 1 159 725 3 518 401 514 471 658 279 334 611 562 683 517 754 635 456 699 235 960 898
61501449 49
936 403 220 762 297 921 21 223 790 774 88 260 431 719 593 919 329 506 953 197 612 587 408 67 285 643 378 534 91 188 469 494 407 231 142 979 503 163 553 644 288 640 904 70 358 848 340 38 354
537773292 99
317 230 642 383 514 636 760 399 79 299 868 924 57 450 65 35 952 579 587 595 866 850 936 288 50 275 326 755 919 912 71 148 905 453 14 541 564 764 619 862 983 894 270 432 958 305 735 537 243 682 754 173 883 41 461 932 668 138 686 586 49 756 85 953 560 845 123 214 815 336 548 708 606 980 666 262 66 554 504 747 307 677 982 700 489 913 367 978 599 26 706 388 330 266 838 527 740 403 341
327240076 42
49 33 281 66 294 347 971 149 445 629 177 426 328 665 691 694 642 289 997 19 994 385 701 611 574 227 351 919 778 319 810 910 384 103 608 706 603 404 687 780 182 14
171540444 83
60 438 512 56 456 857 440 508 820 365 734 170 692 653 947 321 971 756 582 707 210 541 764 812 944 450 591 477 464 387 700 523 824 211 930 279 420 722 139 239 86 872 760 778 876 706 199 813 31 257 22 923 20 185 866 822 128 695 637 514 394 511 337 957 967 376 161 105 966 247 329 725 204 782 825 754 594 207 10 129 382 503 346
259513203 51
40 839 143 786 349 831 742 140 150 469 301 254 434 899 934 510 274 490 291 450 243 884 8 605 202 136 986 704 833 540 334 225 378 828 10 78 659 751 217 808 219 869 413 4 767 347 513 392 836 803 841
819951430 30
848 34 239 335 371 942 520 910 627 744 639 455 753 68 465 855 637 272 73 505 36 428 624 382 940 15 569 94 208 351
785539131 96
384 369 742 755 662 613 16 641 356 655 447 460 722 911 314 710 534 738 215 569 165 190 303 104 556 223 197 763 573 679 170 309 399 263 415 412 875 430 52 582 436 498 41 510 760 354 219 293 91 785 214 607 974 868 882 90 258 644 15 936 323 686 779 89 97 5 518 149 586 306 998 626 815 110 331 385 754 773 522 967 379 847 186 88 728 628 697 372 642 984 888 316 669 667 404 766
154719671 48
266 257 930 615 234 744 724 565 481 478 337 2 796 716 200 982 155 928 961 204 299 602 539 538 269 208 24 325 227 296 590 835 226 556 68 321 280 984 153 109 673 506 904 740 706 237 246 633
871844197 8
283 150 988 820 770 547 376 793
519498871 13
441 812 436 18 367 855 690 998 839 195 106 511 700
345230362 89
405 598 847 389 147 648 23 987 843 418 533 570 562 755 171 354 566 606 371 284 460 413 282 650 607 739 512 658 100 113 415 50 312 803 196 959 826 195 297 20 964 829 589 878 935 111 231 852 716 954 135 527 366 768 529 324 507 40 981 958 505 395 7 816 198 554 126 375 749 422 746 64 602 686 941 888 796 172 863 125 225 741 842 345 269 165 203 661 145
338488160 39
892 519 332 441 72 809 815 172 230 912 236 183 597 176 70 392 699 160 254 175 736 994 16 80 615 532 282 275 29 794 439 920 312 770 712 735 578 878 907
774447159 48
494 693 385 669 114 128 720 625 733 894 360 726 262 440 692 145 73 966 525 218 404 796 529 507 264 454 384 522 964 524 15 656 260 35 121 387 754 745 119 1000 457 197 613 896 888 109 320 854
36335634 80
609 429 418 486 288 33 939 671 906 255 547 920 262 806 307 383 193 412 479 663 763 935 859 375 182 99 836 854 952 469 743 912 249 160 397 536 545 688 559 450 942 105 722 555 910 28 937 102 791 768 765 554 702 975 928 236 73 89 376 583 831 640 832 342 36 719 886 75 277 368 381 761 923 291 140 211 744 930 978 860
463649483 51
835 763 267 259 877 355 987 460 537 626 643 878 13 361 764 88 638 803 807 370 563 729 660 702 940 756 983 269 615 466 300 801 228 566 412 104 272 398 915 808 23 557 686 387 918 826 907 955 633 276 869
29574361 4
922 652 43 904
532360921 15
369 220 162 596 138 573 52 409 970 966 569 344 523 254 730
665220792 79
908 698 360 540 325 228 252 612 149 904 6 52 176 367 773 747 528 720 236 100 771 997 421 89 565 116 611 170 197 402 575 104 451 286 643 775 865 895 739 365 150 744 768 677 110 989 260 11 440 382 7 860 470 923 975 432 92 524 185 18 627 635 655 270 762 519 516 500 883 17 595 650 45 57 542 819 153 829 485
162844534 14
696 4 461 23 435 904 546 972 921 172 606 927 793 719
37633445 74
218 679 676 165 681 720 221 574 539 617 726 719 453 259 258 501 614 718 523 401 622 420 372 894 591 329 821 736 48 395 648 71 781 680 142 353 253 32 322 978 751 774 588 360 274 202 77 148 954 50 567 677 296 158 5 116 245 404 84 639 21 731 709 801 762 851 506 14 882 827 991 984 600 931
102914343 79
132 772 373 437 173 940 465 468 449 469 935 693 873 371 331 245 453 392 397 215 594 902 228 827 728 571 811 680 501 505 905 984 628 629 420 153 920 236 972 368 704 907 412 928 277 95 524 729 486 921 943 431 822 523 257 93 67 933 593 924 189 903 817 699 55 737 934 27 456 989 285 220 917 913 314 792 641 151 712
963669936 22
886 810 837 139 902 256 71 846 179 259 125 433 427 823 488 515 756 866 971 744 150 190
200529012 53
855 804 54 5 867 341 585 752 150 421 890 403 676 960 600 206 570 76 639 997 898 478 511 343 833 749 844 374 112 905 228 267 310 232 134 3 168 885 504 589 127 259 616 438 210 174 8 286 812 356 183 289 218
116001188 84
403 288 826 776 751 730 356 18 391 939 151 393 107 387 897 47 513 507 14 951 716 187 310 1 350 665 536 990 234 75 972 636 714 797 764 464 878 471 481 621 761 983 13 867 370 261 265 882 767 631 832 483 169 141 835 519 157 508 743 444 628 845 973 858 315 805 478 76 788 842 294 103 911 38 221 541 222 55 709 242 579 223 611 439
901083965 42
270 694 915 249 539 887 106 205 44 935 632 831 777 926 987 231 836 24 803 728 597 858 788 311 99 367 533 61 157 497 819 426 542 734 26 432 972 484 637 15 418 620
110985197 77
545 183 776 732 559 579 811 155 788 599 817 238 317 349 650 473 197 469 250 91 554 275 522 877 110 510 244 528 130 440 73 26 623 201 758 181 131 920 687 918 518 504 507 186 204 156 10 401 976 611 491 529 364 406 347 874 649 226 355 299 380 62 851 489 594 981 761 633 630 136 756 816 339 263 177 239 933
133710119 83
297 524 371 522 597 228 964 247 607 377 449 448 323 429 208 955 30 837 442 785 4 132 399 181 575 989 968 507 108 344 803 631 66 676 14 903 822 612 862 550 60 661 224 488 220 530 517 56 971 653 412 455 404 592 29 392 911 887 499 606 42 482 671 717 988 37 972 161 648 833 710 845 934 899 64 463 768 119 786 420 882 175 473
585785972 79
735 858 65 692 899 898 715 968 237 751 291 397 750 123 459 809 319 744 708 382 558 475 852 343 246 734 286 421 257 987 293 115 403 984 365 301 50 684 537 800 974 550 448 358 766 487 417 147 44 891 999 739 137 732 24 909 641 633 247 933 99 649 269 463 318 499 190 470 824 827 371 272 570 728 389 408 497 536 803
145181387 90
541 875 969 917 783 609 549 29 894 647 30 514 461 330 183 311 871 652 135 697 22 406 618 102 794 25 598 681 180 984 918 720 211 886 988 993 847 536 740 534 51 253 995 732 787 305 955 439 791 651 812 196 621 913 342 645 510 374 824 846 292 896 408 529 883 400 375 771 773 466 656 175 70 2 259 857 659 213 449 215 458 997 835 371 690 480 232 63 655 429
294063706 84
836 587 137 236 313 259 360 779 914 535 200 916 793 56 574 5 702 374 219 160 370 54 882 59 885 113 474 891 542 179 729 117 929 964 430 187 324 208 452 210 759 367 2 815 292 358 868 666 576 379 35 981 260 446 217 725 919 108 618 449 252 346 566 532 662 995 718 337 554 169 546 312 888 899 478 256 698 196 183 76 583 516 688 28
864103732 84
298 191 381 746 794 78 663 325 91 657 394 427 562 915 324 226 802 222 55 332 829 752 528 12 180 110 879 219 489 610 982 786 153 714 531 946 143 194 271 234 202 664 116 578 336 341 731 909 747 63 738 499 942 749 30 403 627 248 891 588 581 676 92 646 206 38 788 751 660 373 305 675 385 420 605 72 112 687 980 858 717 708 42 817
848769089 3
795 688 334
924963383 80
9 826 265 567 215 405 669 874 129 973 901 513 744 857 936 207 543 916 417 644 632 124 685 801 565 481 595 252 814 329 872 175 155 488 741 369 892 409 21 734 847 885 829 703 821 36 597 88 452 240 71 927 277 871 491 757 466 95 922 794 318 96 300 805 188 49 615 421 682 461 305 510 515 477 545 111 348 987 275 331
729271857 52
87 322 211 360 468 528 456 767 333 643 787 733 591 753 153 624 213 809 134 79 286 30 190 201 378 244 187 652 574 396 768 12 69 331 371 536 858 178 655 542 173 793 274 763 546 426 387 110 235 872 189 901
67633378 7
630 973 963 633 546 358 753
120677909 14
83 631 666 292 809 320 834 981 464 459 95 9 885 833
466853119 41
704 307 694 957 36 469 586 360 431 219 257 140 323 165 918 405 795 583 696 955 254 881 287 717 340 382 78 576 214 196 398 270 854 91 226 241 559 163 600 342 733
682578856 96
55 372 750 459 518 684 507 825 937 387 111 6 726 844 83 301 410 630 698 679 835 140 256 75 51 418 26 392 151 233 224 557 604 974 16 121 657 522 945 946 260 408 951 986 251 385 638 12 14 688 690 848 179 297 274 229 715 299 620 217 531 196 125 486 169 958 177 13 255 474 625 662 424 962 264 808 599 276 173 965 817 614 645 397 328 943 369 896 564 20 732 512 876 874 734 500
170218887 66
461 150 669 412 425 841 401 742 213 217 355 209 966 34 504 334 281 680 897 300 342 980 163 961 239 391 186 324 242 72 185 55 221 853 466 998 45 866 739 609 435 445 818 400 478 673 733 758 352 981 409 693 960 924 5 550 666 190 874 907 613 58 834 262 778 183
39703658 20
273 267 430 717 436 181 546 108 265 655 811 245 415 504 556 338 860 105 3 402
38590978 9
14 387 222 199 1000 381 658 995 653
821096924 73
369 711 956 266 170 572 920 980 816 335 483 371 24 695 827 379 96 805 640 109 543 213 308 895 212 688 552 558 693 333 413 537 679 706 211 598 685 378 284 520 100 214 927 38 309 83 29 417 625 241 76 519 116 422 362 808 248 47 784 686 250 841 249 200 526 626 835 397 726 494 610 652 531
100462918 96
559 686 710 800 114 581 956 229 2 317 388 602 715 959 385 753 209 578 1 760 103 978 594 499 55 88 460 58 618 729 143 529 766 205 680 879 785 635 107 138 303 494 91 18 805 476 122 365 405 124 859 99 717 357 154 156 168 563 126 896 706 654 13 910 685 892 694 319 350 183 621 196 274 990 1000 101 111 364 505 584 487 363 35 555 71 540 63 590 102 188 837 807 193 849 716 877
385769740 62
195 90 296 167 285 569 509 636 21 971 999 877 555 837 591 941 743 13 480 805 602 581 992 438 740 536 286 455 412 378 568 958 819 863 125 783 985 803 955 88 31 861 276 621 801 18 633 280 823 234 213 166 23 952 54 308 758 465 37 325 423 855
522344187 89
309 969 883 398 123 189 837 153 402 464 773 202 482 757 834 656 990 46 173 364 349 226 672 106 43 60 783 465 915 715 575 290 949 325 764 137 513 917 538 977 41 92 458 798 925 139 322 989 503 22 215 526 127 257 585 261 73 851 230 426 871 87 102 986 614 902 590 295 556 399 444 832 863 582 204 436 174 418 313 652 26 250 913 450 100 494 588 877 716
860368674 39
701 600 592 955 64 181 249 619 932 44 802 146 625 306 349 413 831 118 725 483 495 326 747 944 426 883 654 307 908 632 359 508 575 313 571 107 913 542 38
161639956 17
184 933 649 884 697 479 2 421 313 496 99 411 440 524 674 177 660
103187582 60
19 89 86 683 659 193 596 200 582 903 895 117 835 543 1 531 373 2 304 38 497 402 448 288 277 450 962 805 109 317 127 631 162 641 946 757 528 87 644 846 981 376 705 645 31 742 494 784 190 781 60 639 217 99 636 533 578 618 286 739
491824259 36
495 451 759 505 537 754 350 869 398 78 573 394 460 315 887 244 504 668 655 494 761 871 592 749 755 169 366 41 259 624 272 753 74 382 610 962
285773135 98
830 884 388 403 278 848 69 164 443 572 183 97 417 296 320 8 44 426 529 761 466 787 385 89 892 810 822 853 124 957 163 953 840 551 707 469 750 775 633 544 698 167 640 114 814 311 474 857 354 970 554 492 995 735 515 816 587 638 943 316 652 1 784 753 776 768 825 287 291 100 950 116 38 312 631 937 47 497 105 985 487 228 86 429 895 679 841 556 798 136 733 84 423 23 184 372 138 958
910861769 42
269 751 640 667 247 96 652 733 323 89 513 570 178 294 248 18 201 397 506 933 481 928 307 16 651 796 507 763 105 627 465 726 377 104 392 975 199 395 60 874 484 572
881417443 100
217 42 30 418 790 535 702 622 814 361 637 816 156 495 578 613 121 43 338 497 498 729 824 49 124 883 922 959 454 716 971 23 109 1000 440 898 493 872 348 853 508 164 3 741 973 475 135 310 324 633 390 147 681 865 29 954 823 834 21 793 856 481 647 730 679 140 601 26 344 541 704 463 634 28 937 768 689 612 752 79 758 432 943 786 737 766 972 910 827 589 54 474 319 732 965 271 110 308 731 650
359929364 47
283 743 482 403 432 93 154 510 203 938 452 340 26 569 311 135 831 138 723 884 963 393 616 279 664 725 394 726 301 939 361 44 772 763 475 216 268 336 418 557 139 758 583 708 68 717 538
327885557 62
773 871 536 388 149 199 464 439 944 542 91 882 902 134 653 16 960 869 283 647 638 840 786 395 422 493 815 490 382 723 632 154 594 167 894 94 365 709 532 309 250 623 151 108 547 518 420 767 801 66 404 992 851 765 695 965 254 428 687 885 582 52
301448827 48
768 887 609 428 137 231 322 639 691 868 157 110 634 309 175 389 300 378 891 64 72 855 669 500 894 905 433 877 308 611 602 76 497 211 985 793 176 624 483 43 132 944 28 440 471 769 739 848
685435659 31
271 866 822 122 759 78 906 635 386 516 589 461 365 151 667 349 295 843 972 778 237 103 73 265 894 543 385 632 390 43 137
80006013 99
310 134 18 388 40 5 773 907 593 585 271 95 251 620 389 93 943 518 330 46 591 946 939 133 923 875 372 59 887 632 369 20 649 108 411 653 880 318 597 816 588 691 66 207 80 511 502 949 192 547 539 489 837 672 818 111 898 541 522 784 524 242 803 525 349 566 177 580 883 126 395 470 168 812 29 599 674 530 548 865 428 86 353 616 109 727 6 415 600 141 938 841 296 462 189 861 991 120 743
521168468 49
564 635 677 592 234 351 473 781 567 252 218 272 868 679 793 946 36 559 897 177 849 737 472 662 277 332 652 396 426 471 261 989 106 937 933 339 639 757 206 9 40 477 228 718 621 173 754 180 69
620094282 56
157 753 689 433 436 693 180 213 163 440 201 620 728 485 310 367 242 132 572 250 172 48 477 241 20 1 994 199 421 627 578 577 731 619 361 166 663 892 730 177 331 283 797 410 767 458 776 8 590 699 609 761 98 85 118 437
897015347 86
857 973 246 785 704 216 497 221 878 388 951 406 718 233 202 480 351 660 255 359 601 306 967 361 403 404 713 520 192 59 188 401 384 185 87 352 34 659 581 421 961 986 491 545 540 970 896 551 576 606 151 881 924 863 284 327 575 155 871 634 694 271 369 478 807 829 840 465 761 261 426 747 751 286 72 217 647 822 338 528 746 200 163 424 774 317
932367294 98
11 564 127 840 723 933 21 562 750 781 174 527 276 496 164 347 65 351 994 886 40 873 631 239 35 55 365 703 348 123 264 602 905 338 925 251 987 57 425 513 936 700 361 99 47 802 392 310 841 941 432 650 796 352 46 270 417 309 871 673 998 109 949 249 95 5 960 940 724 320 391 770 744 544 405 384 128 345 815 777 43 962 481 89 232 749 454 921 747 221 995 9 577 19 968 517 742 639
565628259 83
734 154 728 138 537 856 835 704 632 877 665 464 965 248 64 66 702 336 812 615 556 158 975 133 528 294 1 269 932 611 484 764 212 803 300 419 989 355 402 865 372 866 182 619 929 247 672 265 58 287 820 567 261 304 94 907 714 838 914 550 855 677 113 9 329 531 997 35 861 758 797 42 377 78 640 400 694 697 686 299 169 708 205
407404824 66
394 738 323 600 766 435 608 446 965 956 481 896 817 238 45 210 966 474 850 366 167 898 403 31 865 53 551 572 609 375 697 3 464 19 602 229 805 562 27 769 517 507 17 685 96 413 247 414 886 779 404 345 533 434 209 586 337 133 194 711 829 196 174 200 150 754
422786004 29
780 773 579 638 141 616 86 553 862 499 790 309 277 193 653 809 978 214 746 314 698 940 24 526 487 549 725 988 655
283435081 60
434 853 981 424 345 596 509 249 809 7 38 117 635 230 121 795 559 686 541 873 383 480 248 261 318 797 985 306 451 417 707 236 621 687 659 965 634 167 213 794 525 602 910 159 183 954 742 68 494 614 325 711 642 9 47 947 811 464 6 84
802214692 73
401 678 576 613 471 100 215 733 611 397 115 564 490 534 409 103 984 668 46 726 676 445 25 839 908 30 237 343 73 293 95 750 220 708 573 672 274 657 282 22 771 197 864 656 605 318 640 689 985 37 766 661 481 790 851 740 171 87 435 244 731 529 345 951 588 917 622 213 925 255 587 47 451
381079450 9
407 767 694 447 752 730 212 764 563
121534354 88
302 524 700 88 119 430 617 464 380 556 732 353 769 657 607 355 703 409 804 405 815 922 98 613 673 180 825 436 742 530 49 395 748 483 451 987 261 6 70 614 126 726 220 832 781 981 185 795 909 635 408 581 814 584 369 907 113 417 301 517 135 392 46 937 378 306 295 448 271 420 525 843 604 305 823 590 842 969 498 828 376 431 641 311 799 899 775 567
47055551 86
83 686 35 480 622 413 138 268 212 408 688 88 250 291 393 72 232 586 730 768 160 405 431 310 303 205 876 853 200 959 538 235 790 512 999 927 779 562 335 818 649 936 460 360 692 978 752 773 390 871 932 794 301 593 96 858 468 409 778 190 643 568 701 993 494 832 554 180 1 203 461 595 827 504 925 578 276 314 800 207 453 151 555 618 718 396
117989397 41
315 97 705 160 280 259 340 281 813 159 93 759 985 596 683 914 871 349 713 429 808 165 579 714 826 196 921 896 943 317 608 257 765 664 769 45 274 460 677 86 618
664183769 11
602 716 231 515 586 579 14 738 744 944 452
676676921 25
724 816 434 40 775 42 156 439 810 200 712 269 228 150 238 348 698 839 63 928 705 648 859 636 13
46285596 91
956 399 651 799 122 819 232 513 593 625 669 31 787 220 95 407 448 596 645 147 293 835 210 572 892 209 430 527 222 378 257 529 128 259 327 602 77 910 466 670 887 134 52 673 706 146 431 505 93 427 385 262 860 957 69 738 642 467 639 522 595 249 849 548 326 758 13 347 996 398 668 204 896 451 708 988 877 710 725 490 570 681 994 990 770 376 983 237 366 504 183
95250615 19
730 292 462 742 638 809 240 387 477 443 282 279 150 622 155 860 346 997 781
224883378 93
122 147 718 456 735 435 959 917 49 663 646 340 476 388 329 284 979 716 112 422 349 390 923 970 897 134 667 245 266 396 586 387 895 655 194 629 90 153 546 490 167 543 182 994 282 510 261 577 93 34 926 482 956 247 730 442 974 707 661 912 446 555 566 639 536 7 143 81 849 309 975 30 654 257 891 283 869 468 375 902 745 208 209 991 290 650 608 615 357 269 526 802 175
777191444 97
710 450 935 142 298 595 117 679 249 725 570 883 945 389 609 846 133 816 54 475 457 704 83 72 412 703 949 213 877 392 356 939 194 290 80 843 885 548 522 485 624 91 367 568 831 975 765 963 819 437 599 874 519 22 285 221 970 849 362 204 388 555 397 730 270 566 342 712 932 910 542 258 674 504 751 844 941 701 717 811 722 353 384 692 553 833 405 757 572 959 602 390 707 683 108 977 248
80010450 30
531 711 582 788 736 85 890 580 377 591 648 540 312 353 923 355 905 107 759 661 678 69 614 419 128 527 456 895 976 495
697310425 95
76 564 773 161 454 352 889 396 428 707 704 702 62 608 808 172 621 837 241 586 256 368 234 782 823 128 109 317 905 146 393 820 270 625 622 145 20 325 573 79 28 274 492 987 434 663 607 903 193 877 778 658 796 118 113 615 857 981 885 605 858 257 182 181 703 561 807 194 547 240 208 506 861 463 50 738 84 827 747 880 83 865 344 244 831 552 224 715 664 180 924 272 804 105 453
596687858 69
259 403 916 850 963 773 710 425 822 447 508 1000 194 739 434 410 82 677 240 633 252 307 648 432 230 920 587 687 724 797 703 334 551 970 183 513 742 892 937 915 691 266 236 535 700 645 969 728 953 980 542 601 763 124 872 701 810 595 497 864 928 400 834 462 912 927 353 849 842
690966395 66
107 630 883 806 626 851 534 862 804 865 403 756 979 526 679 687 573 528 551 852 927 736 313 838 662 17 38 503 764 386 962 393 269 767 19 119 652 880 274 868 634 381 846 512 359 525 550 283 52 100 134 330 835 798 519 497 167 909 351 930 294 312 674 562 431 44
533300033 28
923 658 302 909 39 147 772 749 23 321 32 74 773 517 755 607 667 274 455 833 182 158 114 827 469 787 741 251
626977831 93
685 105 782 986 365 172 132 488 921 507 809 304 580 581 820 687 539 486 960 346 670 493 503 783 319 323 922 59 574 752 183 258 208 965 595 925 78 412 408 584 572 711 516 504 883 202 395 368 513 740 38 5 594 675 916 93 86 841 196 620 98 756 936 692 680 424 770 91 831 705 15 894 220 518 776 421 912 143 933 651 532 289 596 704 316 512 796 753 344 372 802 99 308
328848845 66
731 966 220 913 671 234 806 890 752 933 663 15 76 947 18 959 236 613 14 903 476 162 655 180 505 26 333 603 685 529 732 415 495 951 680 517 537 485 406 640 418 420 654 845 367 23 155 602 636 169 856 463 330 510 994 834 887 326 788 572 855 519 338 701 821 17
468233217 45
854 974 348 623 394 354 819 760 376 973 713 363 141 568 178 822 429 171 655 315 849 442 238 55 312 928 755 133 944 323 193 149 296 541 123 41 246 941 152 266 216 688 406 135 865
19419580 30
387 234 230 235 28 819 641 339 746 395 823 42 69 16 190 717 908 665 757 505 605 261 477 870 476 516 628 611 732 207
494818525 41
792 106 705 819 925 346 510 670 92 684 63 513 51 605 229 958 269 337 814 225 597 643 447 425 158 426 387 890 632 263 360 775 369 416 946 293 113 807 314 557 490
578835377 90
541 981 297 850 601 985 16 825 582 658 271 358 167 696 744 408 679 6 119 454 374 535 751 18 999 557 684 555 398 60 975 290 392 623 140 992 608 507 816 189 164 87 546 330 782 641 90 813 646 208 266 372 742 389 93 924 72 647 321 483 974 611 226 596 102 217 203 385 743 123 823 640 804 956 280 893 768 926 101 33 194 400 37 286 675 109 285 996 943 258
981831606 24
853 59 737 408 666 121 150 788 943 790 899 69 836 18 346 936 51 994 129 802 31 415 477 491
175864051 55
785 308 781 953 512 839 690 919 856 162 421 995 105 210 937 355 630 772 372 328 59 774 673 188 928 703 954 756 545 4 579 330 663 711 634 174 549 675 445 837 865 750 293 426 38 999 55 810 722 734 220 496 407 759 775
473472461 68
530 6 67 460 687 729 170 672 255 70 699 177 535 563 278 179 988 315 394 476 898 128 696 745 886 454 519 346 518 400 703 936 211 741 17 732 765 271 153 463 321 329 997 235 606 527 574 273 967 748 952 446 443 49 683 249 919 29 118 319 83 53 881 824 69 613 588 691
295961765 13
11 446 398 245 51 924 170 323 978 137 423 281 934
330982217 69
617 465 600 997 582 270 79 987 150 254 55 762 841 746 879 242 108 324 639 705 726 914 874 401 243 362 823 524 296 39 204 264 856 803 612 789 72 690 775 574 182 687 136 927 565 730 386 888 720 90 966 634 964 366 228 677 188 751 972 226 307 587 81 461 198 870 533 240 996
484518458 30
177 144 22 455 709 103 841 948 823 282 265 808 597 630 35 274 817 786 245 395 444 184 827 904 733 48 788 324 44 210
168126572 41
584 27 449 686 219 748 508 500 13 315 97 642 702 370 811 839 966 205 282 149 383 185 234 431 973 557 826 217 767 397 957 350 423 757 387 641 505 247 141 517 561
6106589 64
614 958 320 452 923 876 733 424 259 270 657 689 242 565 514 810 331 910 119 32 685 875 419 677 379 665 817 247 577 405 757 543 714 428 994 637 304 727 60 562 996 68 602 589 632 467 750 315 728 868 346 412 743 116 89 473 132 257 720 61 14 828 603 255
118573948 22
910 674 774 471 21 193 424 961 825 890 711 139 618 578 836 29 672 304 469 497 435 78
448817568 87
91 395 801 817 1 749 532 911 774 657 733 147 850 157 107 26 46 169 164 15 747 351 396 770 654 864 266 441 941 185 287 383 579 440 200 932 188 83 194 961 926 459 940 82 566 965 480 734 494 832 831 889 954 836 105 219 276 397 756 915 780 334 706 331 617 893 413 810 205 503 88 664 795 581 111 1000 314 943 846 498 125 86 451 960 542 21 588
648657939 7
854 70 462 559 400 78 451
3384164 49
7 18 327 670 164 847 602 275 199 916 217 44 413 341 481 863 652 23 235 239 313 11 92 382 472 2 133 901 452 296 140 811 665 466 832 829 434 103 349 671 906 113 363 738 14 112 561 605 424
487935923 10
157 394 50 289 647 853 936 138 663 601
441172956 13
429 620 928 883 482 628 905 739 92 267 828 418 632
228053940 88
588 363 253 988 520 998 37 160 996 241 96 134 256 48 89 750 828 60 29 62 541 8 966 631 451 232 458 868 215 397 549 803 112 153 790 983 503 178 142 498 770 589 25 423 126 815 482 154 228 374 513 193 356 963 776 814 182 991 562 83 145 235 286 7 501 587 584 441 921 609 429 344 734 595 825 240 823 199 752 367 554 67 143 719 600 485 633 682
365306629 53
269 266 16 357 80 516 295 663 956 216 623 736 559 683 735 596 505 285 699 871 839 117 13 909 717 849 893 398 477 550 666 742 565 375 173 432 669 836 387 884 458 475 442 166 157 529 113 813 812 883 3 280 248
597044912 18
96 804 746 925 705 763 18 621 137 191 52 158 378 791 41 187 265 835
891481353 10
363 465 785 175 628 667 178 908 266 441
49255 40
596 352 990 301 467 7 921 603 197 973 112 926 115 153 113 379 987 465 151 701 281 935 875 909 953 404 168 571 844 422 284 792 126 273 92 592 631 364 194 180
229150688 80
105 802 810 217 180 148 33 682 848 666 616 74 574 569 830 93 139 25 514 774 816 639 398 907 582 28 271 776 207 958 433 664 112 594 880 291 741 265 973 940 930 365 855 860 194 947 350 219 812 123 34 803 520 293 384 900 915 511 106 224 295 769 335 240 1 626 332 617 950 898 241 988 752 101 181 50 450 399 213 573
216807785 100
444 77 103 343 991 965 801 214 260 921 901 851 878 183 889 179 805 786 419 792 519 973 290 321 723 503 245 859 221 688 935 323 383 277 288 535 843 899 455 743 101 728 972 283 616 150 88 402 568 879 439 203 932 759 278 3 136 6 42 423 681 776 699 320 310 893 570 765 987 670 492 958 953 459 107 392 860 27 622 502 465 825 433 575 454 218 577 589 970 11 255 746 62 574 407 306 495 523 293 165
167030366 77
469 825 61 212 684 439 833 537 903 9 969 477 462 538 405 51 465 726 413 719 823 474 645 230 780 139 752 424 303 118 377 123 942 789 334 977 227 519 514 481 527 834 309 341 724 713 743 188 791 155 258 613 981 902 842 760 393 946 535 47 415 911 170 356 700 855 278 373 549 759 252 735 67 592 810 132 686
632345997 18
840 606 886 820 860 728 931 252 673 465 298 439 819 146 779 26 829 408
62102398 8
166 1 464 585 944 273 68 629
690882621 12
821 226 992 85 953 923 688 977 739 338 415 818
31860156 66
596 533 741 4 283 470 521 285 105 579 557 524 207 529 864 27 754 90 371 191 394 293 878 723 31 215 489 849 401 796 255 493 151 537 314 672 172 598 128 750 506 652 308 34 867 687 139 57 329 702 349 559 776 731 773 264 931 495 16 79 102 508 229 990 821 252
23044161 3
380 262 275
762503383 16
660 601 256 799 909 312 479 962 12 37 737 94 162 352 25 656
739109368 45
109 227 683 99 400 935 611 169 666 225 444 794 455 1000 401 253 260 64 84 221 427 120 309 520 281 661 544 289 380 998 749 606 33 199 5 319 810 526 984 386 969 735 531 423 734
860573931 55
346 111 566 772 582 875 291 215 887 187 503 266 536 251 223 568 450 580 886 611 105 221 348 425 955 878 199 41 160 226 386 505 688 303 276 622 177 918 836 415 104 690 680 640 292 255 559 93 834 797 703 938 17 50 362
856821324 66
560 364 438 138 101 942 177 403 569 798 932 487 633 346 322 378 933 614 632 844 706 465 640 761 754 8 162 115 331 441 26 46 878 163 498 172 340 901 740 489 184 578 122 529 872 795 258 804 408 889 647 466 705 286 458 646 739 572 976 531 950 374 464 871 803 771
417912023 34
306 601 765 187 472 911 444 627 671 333 274 136 389 65 847 908 155 418 884 686 719 257 446 183 127 729 337 250 751 980 555 703 744 741
709459174 83
537 153 677 221 778 164 609 688 228 455 596 382 225 831 67 943 439 864 125 917 592 462 166 343 441 73 45 165 571 543 701 723 219 921 500 530 539 961 984 486 342 208 668 761 503 106 624 627 23 568 88 540 910 881 612 306 417 777 311 477 302 750 614 279 44 574 529 915 822 549 675 676 654 651 28 218 742 479 622 531 136 390 307
294845364 61
136 665 932 885 170 545 515 213 118 128 741 384 301 641 59 976 295 709 278 674 19 593 756 992 124 891 381 782 606 432 269 623 363 153 792 259 4 376 147 96 111 447 737 169 423 383 229 52 56 858 422 1 613 413 856 145 257 461 576 526 83
771496290 65
874 900 49 229 627 195 325 737 993 413 258 767 795 838 818 202 696 239 660 651 677 515 147 934 976 74 811 58 363 840 284 614 240 512 434 188 977 779 600 234 545 394 71 715 948 118 953 149 778 956 178 292 102 111 619 176 273 890 112 312 504 352 175 95 137
699137363 69
267 962 656 812 708 79 526 655 196 830 155 973 137 332 265 591 794 883 118 66 911 7 530 574 862 881 749 957 369 463 379 636 424 35 799 131 113 324 785 308 505 292 633 642 623 249 232 769 483 349 834 746 707 715 319 921 595 419 229 316 607 951 305 641 787 105 924 413 280
464510215 29
921 189 645 504 957 127 204 143 872 263 857 543 183 804 961 411 119 842 369 421 498 10 521 636 466 296 559 230 575
424078125 22
848 314 270 351 622 749 907 764 620 169 973 162 703 128 475 465 598 668 833 18 165 194
649981890 84
660 185 711 889 759 835 867 958 500 488 661 122 236 567 237 856 87 561 369 789 688 195 605 285 862 437 654 26 631 543 178 642 79 888 882 190 74 748 147 574 807 695 823 373 931 30 811 492 751 951 531 945 555 816 992 821 184 974 716 361 967 794 600 200 983 674 300 130 247 887 936 941 709 223 739 66 489 774 597 433 328 764 591 671
927437584 26
996 299 487 314 93 87 514 427 760 813 908 358 699 196 298 407 856 872 145 30 938 985 803 534 770 483
30410297 69
153 232 486 501 531 973 814 975 59 327 753 170 139 661 527 837 856 176 596 63 47 92 336 77 247 221 198 729 869 557 233 101 43 733 983 367 547 309 425 873 61 946 364 73 824 200 280 999 795 694 397 239 138 315 384 305 512 112 174 420 344 274 429 608 180 916 956 199 328
962953901 47
401 724 114 32 74 260 726 471 498 863 555 164 246 859 27 709 447 404 657 832 264 440 158 179 395 357 648 270 611 371 735 642 445 995 367 267 844 229 173 8 826 31 34 534 415 938 423
535994092 67
687 883 279 217 629 635 75 276 256 685 999 991 679 795 985 45 61 180 626 585 187 451 967 573 381 404 274 804 847 394 842 81 672 58 710 658 485 914 521 335 904 199 129 240 596 541 419 221 125 958 671 92 882 7 824 285 632 979 484 378 820 564 49 230 625 59 714
269725962 87
586 296 875 137 425 466 732 317 884 952 794 841 974 237 722 333 60 359 316 39 194 693 210 109 94 439 734 152 504 695 123 90 990 349 226 766 814 957 435 49 260 228 890 585 464 963 269 673 265 866 277 475 975 370 913 521 417 754 995 858 95 83 213 508 391 647 557 2 798 41 112 855 915 785 180 67 654 328 437 918 387 309 686 492 656 543 939
244756350 55
151 858 719 149 766 720 374 915 306 414 378 512 680 514 302 859 516 368 864 195 156 134 582 817 819 425 472 714 363 821 690 865 30 409 365 147 128 90 413 785 855 791 648 535 304 949 745 171 669 609 366 176 742 299 992
547636912 3
815 625 438
702420988 69
654 17 75 19 516 554 108 928 339 963 70 986 497 374 287 593 544 955 201 909 482 294 559 826 206 282 640 182 71 627 848 724 996 922 94 863 476 202 142 166 164 212 503 12 585 789 604 480 95 157 741 577 802 299 402 359 932 393 541 2 372 388 78 367 310 171 581 137 722
664971302 74
933 804 250 869 945 854 701 39 362 441 967 163 739 368 522 671 761 62 24 132 801 101 850 110 272 782 598 995 503 251 234 788 407 483 8 351 688 708 741 49 148 564 887 75 85 909 187 498 932 670 298 385 519 760 656 300 709 2 155 960 235 942 366 718 949 716 405 657 808 806 156 515 369 394
403224942 58
302 128 654 586 798 303 970 668 414 977 320 123 330 826 82 565 119 799 634 419 514 390 427 321 195 583 188 915 976 129 71 630 608 76 215 757 379 536 777 144 864 96 266 193 273 699 391 497 742 809 362 132 588 35 678 170 222 593
745673497 64
15 126 309 91 692 66 821 579 842 964 442 289 582 987 561 280 95 303 129 837 111 490 968 698 876 645 219 97 589 716 150 956 193 459 46 237 218 167 717 533 961 357 114 947 269 394 41 571 522 229 33 363 196 83 239 301 687 133 368 88 913 647 485 149
684081522 55
315 590 235 275 298 700 573 566 93 966 136 194 168 681 390 602 271 934 903 957 66 622 145 506 534 143 990 34 16 44 701 605 630 327 254 329 900 819 774 865 306 739 58 474 771 799 427 41 84 350 502 303 846 7 836
59262989 20
222 356 391 922 961 20 600 214 349 499 385 122 715 690 212 125 515 983 275 942
313489375 84
622 76 212 924 274 218 112 262 565 333 969 956 606 929 975 205 495 323 56 231 796 122 920 8 246 787 342 873 728 716 583 349 144 794 273 417 11 736 30 927 68 998 882 25 279 209 229 125 883 636 355 679 758 626 686 412 379 579 139 446 161 840 589 306 464 5 668 199 386 595 618 384 476 642 14 36 222 138 919 858 844 597 967 469
606168634 22
233 12 252 371 809 764 562 398 70 25 754 737 223 140 331 840 875 159 833 888 194 55
681003377 66
264 220 60 230 40 45 254 272 408 505 995 217 269 556 966 338 581 71 74 155 562 757 436 915 179 675 460 233 51 924 848 622 335 429 662 732 683 933 139 187 927 707 807 835 24 496 415 95 922 569 656 678 444 944 94 470 755 873 526 494 365 954 507 96 636 792
439346586 80
70 293 333 904 668 181 318 762 102 239 770 131 153 565 426 598 34 180 276 906 858 801 752 222 106 258 669 94 49 254 620 119 898 952 22 566 132 692 679 585 930 800 715 82 364 140 32 750 320 307 655 529 459 758 916 16 9 64 23 628 534 921 932 908 838 415 599 868 1000 528 66 961 383 558 992 229 650 139 109 108
728178896 87
24 911 331 384 327 353 12 212 625 295 119 814 709 717 682 60 596 701 478 909 83 387 252 215 615 902 705 75 361 600 636 736 863 966 472 189 670 835 400 647 129 871 460 939 493 601 535 193 78 795 276 464 46 842 430 299 546 856 145 491 99 7 456 922 547 125 756 771 236 169 231 425 107 25 993 268 454 139 543 269 185 698 281 553 198 395 649
300865784 79
570 682 974 326 980 97 561 500 679 337 959 753 713 303 20 166 442 914 434 978 649 483 812 929 387 362 706 781 10 489 630 931 170 956 256 502 52 169 353 82 857 311 834 614 854 87 407 119 873 384 768 707 547 696 94 908 401 226 269 241 208 200 763 515 807 264 918 327 616 999 184 279 832 105 244 37 543 650 156
711481415 6
923 122 579 970 567 839
526218371 5
107 611 351 306 725
617008217 51
988 134 439 956 484 974 586 316 430 829 704 973 830 211 739 214 485 212 792 455 130 982 177 274 89 139 976 394 864 545 858 851 678 649 158 162 95 404 275 884 728 104 818 317 579 30 461 385 511 794 561
909182136 81
700 464 628 563 8 485 765 37 275 550 811 369 378 214 644 614 293 99 60 110 768 638 491 580 375 354 373 935 489 255 634 304 234 548 311 70 313 555 939 249 365 307 979 930 302 592 574 753 651 35 520 640 878 14 231 823 301 71 429 286 727 662 834 84 498 736 990 436 337 706 94 315 635 748 906 560 500 908 594 19 547
524726823 42
561 405 291 213 476 72 498 202 85 331 590 168 180 678 157 615 14 862 61 328 848 808 585 407 307 492 353 677 38 175 145 950 580 787 162 858 660 960 295 342 901 462
998303522 93
619 488 943 480 900 622 680 707 558 86 365 49 790 41 439 965 537 740 896 324 254 654 533 265 613 827 606 865 289 479 795 259 319 89 90 570 711 769 277 620 207 993 669 996 34 459 312 922 198 245 451 212 130 715 176 956 673 596 503 187 206 821 275 296 391 337 416 19 957 974 363 977 970 748 435 633 670 984 192 266 787 403 395 853 579 703 525 298 28 805 856 200 431
986771151 65
768 918 312 724 892 675 52 213 422 838 845 91 821 36 357 607 439 103 460 17 805 336 987 455 715 143 310 267 573 812 208 692 729 872 767 972 546 818 184 319 655 29 762 828 416 470 786 854 572 245 222 933 560 183 999 54 844 265 979 825 670 735 696 437 707
297942593 9
242 263 261 622 24 440 38 845 225
403789243 55
822 817 497 754 376 31 752 430 874 369 408 880 193 429 614 240 865 672 832 823 914 94 435 535 470 572 666 98 815 434 919 631 282 358 664 776 139 537 144 898 416 688 327 382 927 543 53 758 365 966 203 799 501 24 424
448942690 42
238 475 40 220 109 64 930 772 191 68 661 334 966 76 21 292 809 947 186 862 56 551 827 258 701 679 634 725 103 323 846 692 149 885 264 257 300 193 29 490 260 41
963575823 44
116 195 868 277 493 406 138 548 308 316 158 8 995 791 732 449 465 577 492 965 814 755 222 113 947 602 603 559 642 777 135 109 324 355 385 816 760 874 716 67 190 225 426 536
750885367 56
336 183 86 827 147 251 582 720 364 880 673 318 438 666 446 573 775 769 927 511 937 686 737 4 104 278 228 529 813 594 38 148 128 124 326 274 726 259 346 89 139 18 758 928 684 556 852 810 324 778 672 612 815 408 615 270
10954037 96
799 849 139 836 348 266 311 26 892 37 284 589 477 774 606 587 702 641 142 553 802 817 683 826 781 585 747 119 622 941 269 470 431 456 170 49 767 195 940 155 830 528 983 604 485 569 305 478 62 209 279 231 891 104 11 92 689 757 210 310 131 832 933 652 880 51 846 171 557 676 50 540 631 534 460 935 874 495 642 738 97 466 829 785 574 390 446 623 219 929 454 503 580 685 906 778
743458855 75
805 904 353 435 789 813 721 800 686 215 793 141 952 889 606 132 26 179 873 471 153 91 751 958 594 331 642 499 108 496 312 264 665 698 540 829 418 691 866 984 483 6 936 371 963 419 748 493 292 571 646 734 321 603 679 651 597 529 110 444 841 373 195 505 422 333 839 776 198 823 258 555 980 517 880
46160728 89
171 298 6 257 970 961 935 973 909 464 82 352 304 807 546 160 228 631 844 419 758 393 593 15 947 702 347 815 581 426 175 104 75 181 712 44 493 646 16 401 109 450 752 764 608 650 923 187 632 118 605 390 510 197 756 456 250 454 622 183 231 797 286 657 329 349 53 821 994 68 573 455 869 676 218 476 677 661 610 619 402 120 168 509 927 417 963 549 599
971299545 88
236 202 25 584 254 197 930 673 769 384 894 796 953 721 473 445 735 485 407 706 886 878 873 394 804 289 708 704 240 605 400 827 806 776 411 972 340 435 92 75 328 27 49 712 824 783 548 230 840 433 107 178 262 353 966 592 490 717 418 647 493 180 57 464 871 843 908 945 171 147 324 571 210 705 757 376 545 541 834 256 718 95 608 603 412 551 444 129
714269969 44
973 500 850 436 371 693 695 667 863 841 990 433 402 136 137 158 681 698 696 289 416 791 896 370 554 447 166 682 767 959 654 266 809 442 988 501 488 7 715 996 499 82 484 987
37639240 33
20 289 394 308 56 536 203 778 89 1 295 123 119 253 128 737 61 921 724 913 409 82 979 430 477 170 464 761 962 483 402 355 142
53092457 36
344 586 683 697 880 157 815 485 284 903 897 205 627 810 965 60 140 53 489 617 574 753 432 335 715 266 88 69 407 896 663 102 482 345 798 713
733327501 89
197 136 867 446 692 845 607 656 905 746 708 745 362 634 498 145 968 212 410 407 632 816 302 294 918 135 990 67 848 842 31 396 978 250 841 669 447 325 702 545 384 906 17 944 403 336 507 812 742 138 628 784 530 773 611 729 615 994 125 595 317 612 40 116 288 94 660 24 892 917 187 319 728 693 131 821 830 110 216 613 654 738 616 826 704 609 950 647 203
610349619 31
595 734 898 40 745 273 931 13 312 117 332 391 161 814 212 342 923 779 307 928 876 44 543 702 747 504 3 393 58 621 2
973265004 38
251 43 450 523 325 815 187 793 146 929 953 311 140 647 585 271 512 996 406 199 94 261 202 838 319 822 191 674 528 442 69 329 316 393 143 854 538 640
948628783 61
302 274 488 886 544 792 749 42 787 507 240 232 767 441 69 437 615 260 463 494 53 531 174 368 275 669 574 812 308 356 6 610 981 493 847 525 637 948 918 423 454 157 655 572 950 75 361 916 334 823 761 386 705 934 106 979 602 679 143 262 148
268780223 83
992 69 242 628 368 159 403 173 668 409 97 969 483 457 884 169 631 644 906 687 929 11 665 531 41 792 426 658 366 144 2 434 385 981 154 544 383 326 563 143 422 978 230 766 146 212 761 51 898 689 414 915 571 454 73 714 232 83 79 375 84 865 759 64 18 654 447 695 216 941 469 98 918 698 863 63 262 623 466 664 879 425 234
764124332 62
300 915 932 378 289 15 242 400 78 611 53 876 306 621 169 126 70 86 823 933 501 436 907 966 595 922 196 371 156 879 220 807 794 151 184 82 517 778 481 947 740 886 822 397 858 342 522 927 428 697 211 280 132 470 597 391 792 449 898 670 20 704
396195463 7
240 897 687 369 729 985 108
220230966 10
857 823 500 378 102 927 74 664 558 133
908112154 51
876 945 435 773 967 455 829 781 977 68 677 15 788 406 1000 247 371 158 103 546 657 833 999 936 258 662 493 815 147 802 22 943 236 146 261 42 974 18 393 718 33 532 475 32 779 846 189 881 743 197 713
768317741 9
971 754 977 137 900 975 938 273 269
740324174 85
530 215 744 923 585 489 640 617 20 115 1000 798 312 540 31 54 736 95 794 220 417 899 548 554 799 522 491 423 142 16 193 671 583 937 593 167 777 783 148 51 134 946 362 673 328 767 760 422 912 331 839 810 878 392 608 751 234 383 893 250 575 915 832 511 508 998 639 444 132 787 494 84 207 641 411 973 400 184 236 83 374 45 960 117 5
264295063 30
387 955 600 961 869 783 824 728 780 462 523 263 16 879 683 574 519 445 898 270 629 133 352 2 530 664 119 534 726 821
45848272 43
420 584 900 202 407 980 333 221 502 947 172 870 177 855 795 47 299 693 316 279 20 281 706 35 751 591 112 571 862 495 342 798 746 895 204 725 579 776 877 948 448 53 154
645822242 61
452 286 766 83 463 137 363 168 523 465 111 986 387 324 480 728 121 226 974 677 302 552 880 428 751 679 832 904 921 282 708 558 47 790 20 536 504 540 410 320 650 396 706 325 875 785 446 758 122 754 661 925 633 440 28 312 623 283 584 990 141
18635302 8
513 189 986 52 599 305 53 994
492101362 18
220 146 174 672 255 647 425 267 572 409 58 951 720 680 233 655 935 575
589082796 3
705 308 425
852567043 69
23 699 115 368 61 843 588 206 17 611 813 663 35 431 234 443 489 536 515 168 769 169 455 343 316 691 399 975 467 441 685 842 140 151 209 552 994 148 109 10 758 921 672 144 352 258 939 192 793 453 711 561 973 165 255 289 855 654 263 674 446 300 937 450 723 840 223 949 804
645317332 50
476 572 85 414 115 229 218 826 142 190 990 396 830 197 401 445 870 199 96 384 487 545 458 327 340 680 275 143 364 495 970 191 419 406 604 533 635 173 358 776 714 700 171 896 924 765 122 435 500 608
760473331 26
934 22 989 560 165 352 55 486 542 473 892 497 357 878 21 715 653 734 414 175 629 661 450 320 777 571
813453754 52
531 437 232 816 458 572 376 974 275 782 460 254 703 664 610 932 36 676 936 122 441 110 102 453 912 422 229 834 527 504 364 963 88 532 421 659 259 394 934 40 205 101 645 765 606 190 800 282 477 273 74 587
169677375 32
850 796 755 683 322 611 399 637 698 930 57 356 188 802 289 227 359 390 871 969 506 476 511 657 109 987 535 925 304 413 774 451
127649167 11
772 129 855 408 826 784 816 182 323 970 822
698413901 16
563 123 648 68 950 158 77 59 145 6 945 69 661 357 843 111
557956875 77
234 4 505 642 181 640 809 714 314 130 536 214 450 336 457 518 285 966 946 695 110 951 639 531 963 347 373 73 222 375 306 225 879 299 405 870 460 119 183 589 6 748 750 455 83 206 324 719 171 269 766 633 571 756 163 533 103 887 957 261 615 900 139 913 656 360 724 126 542 313 483 289 62 290 723 619 613
469464793 82
234 558 773 804 314 935 689 768 821 997 443 81 611 694 571 524 349 930 247 827 823 911 661 463 324 950 537 942 563 330 83 148 887 855 951 552 790 991 319 962 988 113 395 598 806 317 473 155 599 72 333 421 982 993 236 306 943 772 857 101 329 4 340 536 891 677 649 562 638 674 384 585 480 701 410 986 299 481 670 71 462 662
487413306 6
956 78 366 164 530 46
102316519 68
581 177 112 609 825 25 599 812 50 982 748 529 34 157 866 684 637 535 755 99 549 412 217 856 841 934 372 371 980 890 591 912 418 702 521 242 726 119 405 776 452 505 656 486 661 874 169 298 760 275 660 687 316 516 879 250 239 249 480 840 492 898 893 364 491 971 834 248
131452098 25
752 753 123 412 978 643 61 738 270 160 397 956 476 264 186 77 502 435 657 982 626 500 231 870 864
109358721 70
697 968 937 334 719 42 456 483 19 451 543 756 720 55 153 27 882 416 212 958 270 998 966 251 623 465 481 493 680 553 684 377 521 621 62 591 662 518 73 788 39 22 292 65 903 707 276 976 274 177 578 248 993 410 92 673 963 776 401 835 748 462 777 761 331 202 792 650 579 688
77653542 9
752 796 929 380 359 256 653 887 186
163122252 2
595 696
445939903 97
471 303 95 570 765 872 330 447 73 121 97 945 52 784 486 273 536 633 201 915 343 457 919 229 994 522 459 588 217 362 849 39 16 943 608 780 814 289 579 238 762 675 182 813 458 19 85 345 3 638 611 697 446 881 925 439 403 384 26 619 874 10 112 817 617 244 982 258 822 572 496 105 831 305 476 267 650 478 904 260 175 349 493 451 787 895 186 165 865 282 390 746 558 843 989 892 100
96423810 52
470 657 919 652 961 394 918 962 224 174 574 398 874 66 200 13 312 386 177 176 19 402 764 476 244 104 367 695 265 181 164 273 99 815 586 493 84 547 716 257 472 465 131 537 16 143 848 753 671 376 772 940
591430777 37
415 20 343 133 66 607 313 229 880 412 395 465 256 478 363 323 87 835 787 569 723 802 63 923 907 85 298 678 24 74 916 439 445 258 862 217 236
479081442 43
999 836 264 606 665 626 928 103 812 66 23 887 219 85 809 125 169 458 154 193 883 70 983 679 905 540 247 492 981 694 842 168 309 447 184 287 726 639 98 791 661 336 10
206639746 90
486 266 953 640 810 187 61 792 865 91 49 756 338 892 736 383 734 255 692 180 791 330 258 429 779 48 89 115 409 834 610 895 452 915 534 261 101 594 405 318 684 453 73 373 344 809 415 799 961 205 128 218 633 906 265 74 372 674 907 982 568 710 248 971 348 46 375 665 81 179 738 454 874 898 561 303 664 711 263 869 190 832 853 95 96 926 467 121 185 800
728264040 78
47 844 864 746 241 238 763 322 416 852 127 642 749 39 944 764 558 632 938 389 837 384 836 762 202 309 298 353 700 192 751 544 407 497 784 645 259 457 412 110 583 405 210 973 348 73 905 957 10 145 833 906 299 141 204 652 840 747 402 735 153 250 519 149 860 975 913 969 910 317 530 882 665 855 955 921 163 316
420327918 6
413 750 564 712 890 119
343407715 81
865 116 816 18 718 334 518 577 660 430 898 921 747 427 803 763 633 109 35 795 776 952 101 189 701 17 252 942 135 966 23 1000 433 190 369 150 875 886 727 534 316 624 455 414 402 609 528 69 562 181 196 514 634 384 566 650 987 508 784 882 737 71 503 945 389 964 830 56 587 636 469 341 596 996 375 16 909 907 212 774 540
235795947 53
189 934 199 325 237 432 459 973 502 962 211 798 702 174 979 757 113 615 577 453 562 924 179 578 832 85 789 606 625 735 297 165 20 495 489 257 926 948 229 779 261 439 928 965 906 70 77 872 646 529 434 921 59
417227363 34
143 151 61 119 237 357 284 257 203 124 513 480 423 93 258 683 884 537 644 848 443 713 924 666 710 804 451 630 862 813 734 356 315 794
468429475 64
503 110 160 705 233 672 185 8 116 794 690 999 331 686 846 125 398 121 790 460 924 593 89 137 405 174 493 720 320 967 623 428 782 230 12 453 414 19 920 560 709 919 242 394 366 143 237 507 602 99 43 297 504 568 141 575 239 107 197 412 886 978 994 897
346863782 72
268 701 318 328 971 559 73 87 276 215 323 783 169 834 233 563 482 88 130 622 662 721 80 210 484 965 187 477 214 320 236 833 373 905 160 343 464 232 781 739 446 455 873 966 289 458 528 122 545 10 744 207 82 175 768 565 492 307 394 57 626 629 889 350 533 48 693 348 279 473 439 76
278819280 62
394 568 120 921 41 665 282 136 223 363 311 990 280 154 296 673 210 274 653 98 623 537 497 667 237 127 492 675 554 771 689 947 690 809 220 730 825 501 866 47 216 528 388 495 681 684 519 890 309 523 339 931 59 835 950 647 961 441 514 211 362 461
84734900 61
680 981 994 532 198 392 99 725 779 593 757 814 463 646 122 985 336 405 396 170 354 42 130 146 715 996 356 428 456 607 597 487 939 942 370 137 333 469 213 413 970 277 876 967 750 212 303 506 959 824 859 353 306 419 301 711 846 756 669 794 594
310753960 17
963 96 419 783 660 881 196 981 509 423 300 259 986 954 764 945 777
535667975 48
82 330 715 382 393 560 489 413 353 434 372 439 749 819 857 531 831 89 78 811 598 500 110 208 486 63 971 782 192 297 273 979 144 7 723 55 847 135 759 281 859 549 29 405 911 845 989 670
67892442 93
131 1 677 546 324 458 737 620 887 361 950 30 719 672 436 566 159 194 198 369 94 578 397 498 488 256 695 828 277 668 759 489 344 304 812 802 392 783 40 105 733 422 175 756 857 92 914 403 289 282 496 218 31 346 706 638 533 527 552 24 367 896 680 178 49 423 313 88 45 509 54 800 366 145 66 120 786 699 615 3 729 312 60 351 945 631 230 655 948 743 686 126 791
940492108 57
231 987 834 739 40 985 456 536 50 927 321 749 894 676 477 205 87 195 908 383 825 489 831 436 973 516 913 116 976 702 346 962 887 353 872 244 888 921 170 561 21 63 588 850 268 26 44 527 409 868 15 639 51 802 611 918 715
969431078 65
416 775 854 655 563 558 526 806 798 975 358 819 390 297 668 9 322 711 535 730 930 901 368 332 702 331 250 760 142 184 348 838 97 257 363 902 54 512 228 763 330 969 59 997 977 381 863 462 341 182 672 817 864 273 232 623 767 157 466 956 605 722 670 858 776
569175182 83
538 511 406 949 860 735 681 270 597 142 610 712 675 634 528 258 111 161 24 230 317 489 185 274 211 855 131 338 36 568 875 898 974 175 109 60 379 656 349 340 719 23 325 598 561 583 61 721 606 290 389 95 474 662 657 680 145 994 715 220 965 37 395 73 96 601 803 104 143 822 324 467 772 884 401 832 956 7 121 696 453 946 710
350909109 20
854 454 692 917 673 8 954 419 81 49 20 883 504 320 377 678 643 196 449 878
494693596 79
185 954 752 233 406 49 942 866 674 147 319 718 415 344 725 368 762 157 769 133 392 272 805 768 949 799 315 749 677 263 380 213 216 131 445 622 180 738 487 205 884 158 922 299 501 999 18 262 155 138 747 546 551 666 62 701 980 811 377 242 190 458 673 386 431 204 124 269 408 359 426 682 9 926 32 27 540 186 516
810243286 41
277 188 397 339 888 728 149 617 970 690 910 779 362 295 561 565 770 829 325 481 255 358 489 532 389 867 71 926 383 708 657 11 895 405 349 135 485 849 103 806 539
526576012 63
252 658 496 817 780 324 493 260 930 202 100 462 590 319 532 515 701 240 524 63 486 280 412 972 764 426 921 150 437 504 402 447 351 570 226 675 414 837 604 615 936 65 556 254 949 422 306 188 945 369 25 577 132 349 692 743 774 613 893 563 468 646 9
286996819 98
586 493 628 422 448 594 357 513 149 963 461 570 268 1000 867 988 376 443 119 724 134 862 850 98 106 412 566 751 420 384 317 5 876 944 778 675 889 187 37 999 958 68 350 824 55 78 618 526 153 104 739 2 201 196 413 766 946 832 262 188 557 965 51 445 451 589 833 898 940 790 641 966 372 718 583 249 871 686 339 872 239 534 285 4 479 468 505 92 8 232 972 634 444 774 575 672 514 417
57218988 55
734 711 224 317 311 94 354 649 965 592 182 601 948 12 69 804 455 76 387 454 399 373 249 173 947 876 196 812 645 535 378 598 540 46 908 633 752 909 950 695 442 550 642 806 970 797 260 397 184 66 796 666 320 854 894
992662515 31
538 401 333 267 998 873 665 258 857 416 518 806 110 959 708 104 116 677 900 728 74 435 793 221 342 458 540 547 351 406 563
567196240 76
248 859 508 120 523 765 328 290 634 134 399 592 193 502 60 869 754 787 294 540 931 514 234 388 405 132 91 162 47 682 320 892 827 414 943 92 703 576 225 454 519 417 307 578 638 716 952 646 797 185 386 553 316 828 67 362 509 7 401 564 771 166 858 863 221 433 439 674 303 208 980 233 845 40 948 127
345130343 85
275 527 979 180 194 806 246 908 666 983 914 418 546 685 584 755 899 804 187 337 477 841 544 808 73 740 847 373 219 541 966 493 67 296 672 613 453 269 872 118 251 137 536 148 173 119 902 71 274 440 760 102 281 303 909 705 43 108 77 261 648 394 105 689 129 679 141 397 611 38 146 795 211 616 697 633 889 488 392 342 768 47 250 825 89
749623357 47
701 5 295 157 71 335 285 101 828 34 354 438 33 391 935 827 953 550 875 586 790 363 329 131 482 375 732 306 815 89 559 867 445 205 24 515 891 660 967 718 693 320 507 725 62 441 904
430311015 85
130 952 131 844 280 613 678 655 697 335 469 785 893 688 229 97 711 95 988 722 413 57 415 732 564 491 793 4 746 159 346 876 462 828 71 742 748 489 83 568 625 327 255 853 776 317 299 763 39 171 453 794 734 295 938 90 41 435 268 910 614 690 651 758 438 750 246 872 318 222 198 924 74 973 241 724 87 279 434 258 579 343 377 517 432
168413769 85
218 388 874 184 78 877 941 867 626 539 738 295 760 287 219 186 612 459 909 50 89 695 659 171 273 354 899 141 785 20 105 355 407 331 538 484 207 830 350 368 439 831 128 49 313 41 859 573 90 299 619 101 469 892 454 719 384 590 841 944 497 833 332 729 663 682 264 382 472 94 509 901 494 173 352 98 383 650 716 483 470 959 288 541 343
854883877 86
535 173 126 705 5 810 785 19 843 400 401 314 494 261 215 987 786 507 691 883 889 692 950 723 514 909 10 54 603 887 35 137 59 513 193 415 322 329 434 164 728 834 829 573 446 395 912 231 902 602 113 790 645 63 158 323 522 563 925 760 598 61 170 462 605 585 783 933 18 298 660 203 233 1000 521 144 774 97 695 741 109 427 251 431 301 813
178944707 57
762 767 582 575 371 166 357 655 535 6 315 89 484 547 88 4 42 318 777 490 365 691 230 473 470 832 904 770 997 610 181 110 729 114 685 451 279 393 106 165 399 420 605 882 693 237 711 362 200 726 407 781 199 876 965 454 961
862974063 29
70 143 643 754 594 274 499 51 790 897 822 395 130 491 87 718 553 800 82 752 526 488 884 76 364 848 529 712 808
434856943 84
230 438 884 335 383 509 833 433 298 81 606 692 210 96 130 279 648 930 360 751 807 200 986 234 563 834 762 626 993 56 867 574 493 102 909 875 610 93 659 259 174 264 951 735 711 80 14 710 361 725 460 519 924 798 752 838 631 865 464 975 921 330 549 765 783 809 992 392 901 2 650 426 618 952 161 328 384 526 38 744 250 849 263 998
210103366 9
628 231 474 955 503 155 855 619 937
124969663 35
680 915 964 682 341 581 633 853 908 16 378 297 112 627 498 726 152 495 91 515 475 321 340 781 175 847 635 794 783 649 755 815 718 496 255
592220298 3
459 206 848
635226836 29
959 815 351 684 318 198 126 832 672 447 172 804 621 18 438 766 152 521 966 352 238 813 536 293 417 93 140 605 298
534365450 46
1 133 88 198 610 272 221 56 795 24 29 164 813 146 315 602 666 633 953 256 797 263 791 441 32 235 580 988 532 381 758 884 865 845 81 475 468 653 882 262 28 910 425 192 92 793
803439073 91
98 328 872 360 470 313 743 704 244 730 588 625 487 471 841 684 904 315 151 908 197 413 288 458 189 479 865 280 272 938 355 721 265 579 80 87 243 175 790 486 729 462 391 552 303 426 807 969 576 714 165 340 353 623 881 832 160 455 776 867 393 797 254 39 780 620 876 349 338 252 992 851 58 312 778 123 477 476 451 350 659 937 861 113 65 79 287 457 875 892 935
184626913 13
554 789 355 254 478 132 505 821 982 914 111 389 960
503203932 90
410 281 874 699 494 986 763 572 272 219 799 515 153 711 186 58 851 892 312 680 23 816 500 356 82 984 819 470 943 750 685 353 383 910 403 876 895 165 518 735 597 32 239 660 570 296 510 461 607 190 836 775 41 191 856 24 9 325 319 759 361 493 270 425 720 516 589 33 675 467 416 913 126 985 208 987 798 815 528 633 941 569 175 796 944 184 472 262 294 832
617696284 40
453 708 857 968 648 374 352 322 192 767 234 669 104 794 8 901 608 535 885 548 455 59 695 751 594 166 12 887 349 24 801 707 880 768 606 471 380 149 237 614
716098818 20
407 825 592 366 711 828 265 518 887 311 268 480 476 279 719 176 278 94 976 985
180067326 98
43 931 565 422 431 153 387 600 845 145 776 788 510 487 616 126 4 502 436 271 333 263 901 51 438 531 497 765 515 822 211 909 104 127 330 534 280 717 134 476 861 723 395 878 848 750 731 636 372 416 250 273 466 40 803 314 156 669 135 367 577 238 493 258 772 124 974 905 599 835 165 862 912 91 108 661 174 95 385 589 345 657 406 736 811 720 891 831 854 609 407 92 102 16 215 990 471 176
305866176 73
389 84 898 831 543 559 4 638 943 592 982 951 350 69 113 959 922 568 701 365 21 716 579 597 57 401 124 232 36 864 667 933 695 210 843 50 847 137 994 180 439 343 248 551 411 558 493 684 477 545 497 261 331 446 317 732 921 901 119 567 403 128 598 974 86 225 505 525 104 427 329 662 920
433821365 21
464 765 339 76 95 784 393 178 56 293 296 192 211 51 374 648 606 664 733 182 169
542834609 55
624 36 429 285 307 793 775 122 909 113 198 4 248 942 533 655 586 181 199 796 231 572 486 230 529 150 962 711 670 923 811 293 958 239 930 264 384 56 385 292 520 934 647 119 875 180 773 460 360 971 608 895 445 171 423
661499594 90
133 615 54 295 908 363 886 189 626 269 244 560 763 296 559 881 523 738 5 334 449 976 293 390 870 644 331 43 129 298 423 557 163 308 745 789 928 988 503 488 102 150 398 982 672 135 338 358 935 313 650 676 534 387 587 530 70 629 658 367 429 432 923 592 740 667 732 6 586 506 107 735 903 440 759 389 777 116 675 442 117 350 327 504 936 856 925 917 865 291
837202345 10
565 288 388 583 371 406 588 956 912 46
490928043 80
837 153 907 965 620 581 406 736 931 85 591 866 292 515 782 157 805 479 721 118 192 303 489 597 242 796 860 287 190 26 123 342 284 88 313 864 845 49 794 281 639 12 573 154 145 729 310 975 885 383 93 76 685 933 672 927 80 884 565 270 261 40 963 544 276 407 323 324 553 604 314 916 528 819 60 608 129 35 492 511
240137479 99
547 411 590 825 490 473 390 111 85 781 74 628 259 349 387 933 24 291 888 689 206 415 508 617 22 636 3 513 498 481 431 396 891 373 221 733 197 962 843 282 742 916 261 352 616 647 284 991 289 172 680 846 938 539 463 960 174 817 824 23 298 607 418 540 979 990 272 175 951 115 808 44 382 69 395 350 67 31 692 708 554 723 553 491 367 802 434 184 978 936 578 20 914 567 644 440 870 758 600
348213265 84
668 12 840 86 42 884 793 947 606 346 437 867 64 591 652 247 920 460 727 855 389 99 120 307 742 911 176 851 510 441 341 529 452 533 615 845 416 759 791 373 456 579 239 520 521 891 766 440 702 294 90 943 765 396 36 676 924 886 185 364 578 714 167 462 680 363 229 790 505 602 598 83 117 956 82 234 395 783 430 41 224 724 805 972
958615759 3
895 996 17
669446610 54
82 128 35 113 490 616 902 994 217 499 428 408 967 735 553 482 624 982 522 848 706 678 819 464 510 713 460 878 674 385 959 801 771 423 642 386 324 635 954 175 414 362 493 149 851 45 630 826 27 503 673 732 532 843
420654547 31
907 358 270 580 742 380 513 2 21 250 678 7 204 852 773 917 344 273 119 389 254 944 767 756 617 498 639 811 44 32 718
807473402 15
297 495 585 29 359 586 401 609 263 760 164 466 532 80 162
732504804 32
902 57 141 668 164 109 165 154 920 560 537 989 313 542 637 160 126 665 518 63 418 478 678 177 641 143 60 72 656 863 269 557
27771271 12
224 786 222 740 291 493 652 828 481 316 369 118
555867475 87
134 993 908 551 470 585 79 463 80 138 534 735 352 155 292 974 916 867 111 137 959 402 630 610 581 462 277 301 931 752 146 65 744 405 967 565 990 46 27 69 535 913 803 239 67 446 212 982 313 675 271 428 451 232 8 265 508 660 195 611 157 259 354 561 578 550 623 649 970 509 773 747 627 570 311 960 882 985 782 504 412 584 87 771 848 595 430
661267043 40
586 301 911 498 878 533 48 852 181 17 713 94 141 459 720 711 121 32 944 457 813 448 868 396 886 990 244 832 771 638 389 356 290 651 854 520 183 253 371 715
922702621 74
808 114 246 528 824 366 911 119 823 723 918 42 470 804 32 65 635 154 702 23 510 992 673 715 863 855 319 585 570 939 20 729 52 265 256 227 982 166 346 156 240 263 198 62 418 581 126 53 734 180 75 595 523 100 661 385 306 979 969 270 988 956 604 563 252 586 949 741 320 211 290 381 629 222
490538859 26
308 38 459 902 560 558 915 296 864 245 264 90 514 604 397 539 207 960 790 144 688 738 885 359 300 526
342125092 66
748 950 312 55 987 771 308 898 680 222 193 543 467 808 985 332 411 381 970 340 11 113 379 100 349 90 752 875 181 31 974 130 695 380 468 817 687 717 496 261 391 79 68 727 410 831 459 632 800 151 994 264 529 94 613 845 839 150 227 164 631 921 450 737 229 518
890968585 77
778 975 919 198 53 329 380 511 312 531 661 305 794 542 750 758 946 596 13 173 759 995 445 653 797 534 234 314 118 74 444 993 496 673 372 358 984 254 19 640 47 912 390 157 422 335 104 786 859 215 781 304 867 577 837 100 242 306 174 685 749 166 29 190 400 953 323 812 52 201 560 8 888 663 793 98 877
393353925 72
744 853 589 195 95 894 368 131 994 885 160 941 74 911 246 598 564 568 410 967 802 962 526 809 201 188 953 299 417 878 51 512 730 640 706 824 426 307 231 662 466 523 88 376 768 685 291 336 446 609 489 408 486 649 960 26 601 258 442 478 661 560 652 10 735 888 435 41 118 97 506 641
56146536 88
408 220 524 95 666 485 583 425 970 231 736 995 832 346 436 661 6 740 657 750 307 544 184 347 14 632 205 167 438 765 739 313 860 756 149 794 532 119 377 267 113 208 612 901 969 992 792 977 741 98 521 277 796 886 260 1000 243 427 789 7 517 454 218 272 602 364 803 72 421 537 299 385 437 518 353 780 309 330 758 202 554 439 905 681 186 694 687 702
537183499 90
973 452 620 127 524 359 548 60 9 932 848 526 636 627 187 965 499 944 518 647 849 956 55 754 240 447 675 294 297 283 618 748 254 745 271 964 644 682 972 927 529 497 562 508 683 879 6 979 653 827 704 59 691 650 378 365 943 26 999 561 774 252 657 44 215 300 726 186 226 606 139 113 717 369 119 47 117 123 172 181 157 862 182 887 579 477 912 577 37 685
422351829 58
81 43 344 158 229 921 115 263 411 228 331 780 698 378 248 172 603 419 704 111 632 885 997 210 361 261 787 749 297 615 793 377 657 488 886 237 760 1 499 171 580 830 302 277 559 901 448 513 319 151 623 950 387 972 512 748 584 298
552721848 53
912 641 609 920 480 494 157 240 846 7 410 425 188 63 53 746 963 852 610 633 354 585 934 741 908 445 840 491 742 687 370 653 679 978 925 159 824 433 398 669 439 446 627 221 850 724 183 702 686 167 407 270 100
832237147 59
545 338 19 286 377 740 291 407 718 215 917 893 999 314 913 437 824 358 415 396 208 491 930 261 176 96 667 797 196 166 325 855 695 231 434 638 503 585 906 395 583 572 308 20 17 786 791 576 276 72 188 803 168 951 715 372 627 454 226
608065321 78
457 107 201 446 609 785 351 4 720 922 663 739 669 31 876 811 607 152 882 794 306 49 1000 763 371 235 568 949 908 102 757 14 654 554 622 790 904 977 509 178 991 247 198 22 475 8 980 626 889 125 283 290 891 404 847 126 324 147 385 425 903 398 78 456 19 867 712 348 376 241 338 974 438 359 448 445 685 463
912083060 96
939 950 378 137 427 53 284 811 477 186 560 906 994 931 124 705 278 499 945 967 825 382 326 624 178 15 401 862 829 812 188 119 113 565 256 540 617 891 702 445 428 614 350 421 544 473 173 324 139 500 154 816 475 331 831 227 193 11 38 380 130 151 296 737 42 264 627 95 60 54 708 761 827 603 585 303 775 260 724 914 111 229 729 586 559 164 104 922 202 835 51 704 482 745 97 765
374624191 81
170 899 916 996 501 852 651 276 112 374 541 222 954 269 159 513 180 323 968 101 524 802 503 579 283 641 379 405 865 886 926 763 801 274 616 5 924 243 116 297 783 337 602 51 848 115 230 82 682 45 236 184 623 518 824 249 580 161 134 506 287 779 891 291 702 485 406 350 267 94 951 669 941 417 251 462 499 932 734 480 603
454629291 100
851 871 937 985 376 564 271 506 454 913 559 938 318 908 556 763 210 576 704 627 826 165 477 758 23 562 225 502 164 515 278 367 737 566 351 464 129 973 969 934 885 527 223 554 786 130 316 996 705 371 974 531 888 450 640 910 11 864 526 730 392 892 467 309 594 930 437 918 899 722 154 777 296 707 915 425 375 97 235 12 984 684 651 245 46 514 8 923 243 399 815 61 708 408 991 496 678 241 570 831
684617369 91
890 283 290 616 544 771 712 778 782 48 813 432 292 210 297 299 133 891 50 947 952 109 706 294 956 383 534 525 566 902 742 807 537 31 422 80 801 485 582 532 374 365 824 584 661 474 716 551 875 14 502 335 719 795 291 454 680 167 371 934 908 177 470 950 901 442 434 462 375 318 836 739 141 419 399 966 134 302 841 499 155 527 217 169 22 981 336 744 914 595 920
678005735 58
221 988 678 7 449 53 324 284 791 464 54 542 781 539 843 621 37 997 500 606 298 668 979 631 3 723 896 950 994 186 215 970 863 573 418 915 58 711 459 599 491 998 793 386 789 963 991 439 630 69 985 692 964 286 946 471 603 685
65595175 99
952 70 90 9 780 548 607 271 897 751 86 283 539 48 625 977 29 594 397 13 637 361 650 26 306 120 628 573 805 803 257 756 872 346 116 4 245 74 274 142 824 711 776 714 758 400 691 138 439 503 334 799 152 359 457 272 987 428 141 535 12 2 15 578 75 640 71 898 350 846 611 459 598 653 597 943 444 99 250 50 873 325 430 652 465 418 538 828 843 329 965 482 399 862 184 825 642 194 829
770466590 88
272 40 115 866 290 453 267 514 777 49 518 241 466 407 421 217 946 263 545 262 96 295 476 631 243 300 273 436 480 214 275 104 254 390 969 895 842 587 760 619 635 277 211 101 684 317 981 245 213 242 693 859 717 323 102 368 947 889 200 161 164 303 414 553 271 660 746 857 419 716 844 696 279 944 731 909 260 63 506 824 656 198 682 373 520 135 92 467
512934024 77
979 187 593 392 91 215 51 836 424 821 552 267 516 830 210 598 90 660 595 996 316 144 677 40 16 812 483 482 774 373 718 555 815 285 957 650 708 777 553 326 293 382 535 242 824 707 254 770 54 569 914 82 960 929 245 442 762 431 567 573 155 479 969 921 435 619 628 211 523 953 855 905 839 97 80 897 350
554457849 96
270 114 383 229 394 628 670 507 58 589 431 565 225 909 533 145 343 503 772 554 26 76 408 282 914 856 361 162 205 561 463 826 27 845 54 420 472 279 882 664 709 446 240 970 330 384 312 185 217 210 582 977 843 847 832 555 8 389 115 470 214 493 666 620 913 490 47 543 371 710 603 168 949 572 849 684 236 33 190 452 242 123 780 436 969 964 990 328 704 457 149 269 814 888 213 303
631392934 17
25 995 358 192 295 281 393 978 516 425 519 320 19 641 451 454 609
38964414 47
288 117 252 436 738 200 250 625 765 552 911 871 929 257 580 472 861 864 881 376 289 752 47 659 392 498 112 353 263 907 640 380 510 428 62 677 93 826 355 696 508 612 276 332 515 488 195
740313395 74
835 498 262 493 890 111 957 594 373 215 585 104 725 12 220 138 40 665 963 620 19 10 479 630 637 810 144 124 357 891 339 191 388 952 36 629 62 992 574 786 558 511 634 522 461 771 914 125 85 885 496 95 715 731 525 621 207 233 863 897 423 250 200 231 261 153 156 398 711 666 287 344 540 748
715937467 62
872 551 337 367 645 51 844 728 927 816 286 159 678 182 934 279 733 95 861 345 248 17 742 958 682 29 653 573 776 471 25 999 22 713 718 18 116 561 97 394 382 905 405 915 838 35 647 932 896 343 531 912 85 488 945 113 493 518 240 963 542 238
104764336 26
955 354 722 867 450 467 594 184 371 350 560 385 449 844 280 791 374 543 875 862 487 339 706 4 578 20
646873898 75
356 856 122 709 929 341 510 395 286 45 766 988 847 325 372 295 168 3 437 542 897 664 755 383 2 460 739 932 479 99 186 843 572 894 771 912 756 165 550 800 930 537 646 607 260 292 774 614 81 315 744 421 244 97 232 982 28 63 321 126 248 163 698 494 285 961 249 802 400 731 398 46 689 9 463
882530622 30
129 131 512 550 375 961 133 708 988 195 381 114 443 543 163 936 180 123 536 981 985 935 63 734 332 752 743 21 566 716
62007141 33
847 653 595 573 613 728 632 952 274 12 417 68 907 579 3 86 54 890 418 390 825 480 123 156 583 217 528 148 933 669 194 131 673
998844788 4
637 867 686 588
338623493 65
5 560 308 583 563 393 988 804 162 377 628 641 852 136 224 420 663 723 352 331 916 834 3 56 888 639 274 926 227 766 975 326 282 517 240 26 505 43 187 233 23 179 436 158 754 856 820 477 207 151 744 41 799 280 144 425 205 722 190 531 304 867 812 106 189
312020676 90
727 261 523 258 696 680 11 551 499 839 110 1 583 502 506 733 781 649 157 338 722 699 868 25 565 32 196 671 220 224 171 299 484 45 556 179 724 566 82 222 757 191 223 691 692 728 423 824 932 161 449 630 29 825 194 60 372 216 631 595 738 929 78 782 609 505 402 690 79 158 880 653 848 923 732 622 746 459 553 259 534 287 83 80 698 454 295 328 49 385
50939609 86
166 92 86 23 493 127 453 2 358 105 849 280 836 823 378 646 375 636 256 261 922 338 340 971 143 634 298 543 18 906 21 536 350 458 558 194 937 362 196 294 466 396 574 653 218 951 650 945 938 905 205 211 594 544 181 736 529 830 279 899 88 651 434 437 460 343 982 56 177 690 521 573 615 525 790 917 526 854 782 290 64 185 596 462 714 425
978439740 16
864 742 397 652 554 91 634 949 146 810 990 18 734 956 894 876
3850872 88
961 725 200 603 140 926 787 735 387 500 512 479 463 375 220 211 27 125 301 660 426 798 821 415 167 555 371 60 782 594 830 94 671 381 696 810 306 483 897 45 982 408 523 445 134 7 160 219 171 644 457 992 410 624 898 132 35 31 726 217 124 396 597 820 557 255 302 805 651 635 564 173 431 698 618 438 209 188 97 380 831 905 723 593 528 972 724 915
953215002 44
131 477 196 79 296 105 685 949 261 335 584 825 859 14 522 451 82 664 899 813 847 804 887 439 683 858 162 597 211 963 688 510 966 546 284 227 881 219 51 739 232 924 567 35
732037357 57
285 170 77 88 56 515 771 266 28 719 828 342 798 867 204 659 202 521 837 747 84 407 149 175 990 424 741 376 133 323 661 302 399 748 709 265 518 326 645 237 154 338 386 20 541 396 573 414 599 761 512 35 167 561 509 436 301
860218884 91
976 544 221 374 292 282 991 161 607 635 749 112 972 486 132 865 881 56 278 480 169 789 866 687 801 426 195 589 78 79 508 53 974 729 779 617 362 769 778 968 755 878 80 364 563 942 244 970 571 75 138 712 177 864 717 371 452 147 960 551 127 40 329 743 401 449 872 720 555 750 151 633 465 65 926 60 387 497 135 876 208 52 71 495 775 875 993 575 186 543 225
225035224 60
977 24 19 48 579 120 551 211 584 615 136 644 353 984 130 229 543 555 280 966 401 54 840 393 981 25 288 33 601 863 180 929 886 328 464 670 878 26 254 845 162 249 197 497 378 425 40 284 57 5 37 110 196 781 442 572 68 827 172 930
107428006 54
168 908 779 983 578 657 9 183 501 522 431 49 18 160 474 57 443 530 413 831 991 608 612 433 179 31 611 702 313 968 505 480 876 284 462 453 292 470 635 144 343 417 192 361 928 17 769 722 546 182 553 889 141 164
141079673 8
194 283 725 506 250 230 337 125
967798865 33
929 508 620 915 651 963 331 194 675 258 211 443 980 108 624 884 996 117 47 668 788 592 950 512 98 552 741 786 676 957 584 464 556
725178871 94
870 554 660 544 163 222 986 142 329 962 377 677 78 423 344 217 15 646 728 464 549 821 249 224 777 185 532 593 92 403 58 961 956 69 504 118 290 841 612 971 154 988 647 583 763 342 799 129 987 879 944 887 699 192 463 827 994 419 819 396 829 779 703 897 634 173 187 784 157 980 123 155 915 885 496 713 365 835 591 308 721 641 500 183 468 579 177 238 398 924 66 528 627 963
428077514 71
501 692 934 9 671 56 163 937 293 10 650 657 844 592 317 917 585 168 99 404 746 627 641 495 903 59 375 529 373 240 679 225 931 612 233 953 19 747 890 663 108 891 672 304 834 988 220 418 155 670 821 900 649 814 395 551 872 121 79 596 360 109 820 290 720 52 242 90 150 131 753
618288257 50
424 560 207 411 131 624 565 801 797 816 449 610 562 351 833 682 429 428 41 537 247 608 650 924 49 151 406 407 779 224 319 985 986 550 601 404 718 401 365 279 751 197 961 531 976 353 419 222 35 378
40413871 42
427 373 715 227 780 493 803 450 829 140 250 789 42 203 544 759 603 909 37 706 457 349 588 433 702 7 654 736 877 45 162 249 111 741 380 956 895 181 784 34 431 924
669001075 81
468 185 587 728 222 292 184 570 232 616 271 238 622 358 325 850 754 487 450 865 579 182 172 825 362 307 858 792 231 285 776 698 469 363 425 690 6 960 612 237 576 234 826 549 592 151 750 697 989 199 913 919 380 84 743 742 391 600 885 621 236 661 670 705 23 446 746 405 709 617 980 943 442 880 534 944 629 582 932 828 495
613873850 58
578 592 300 320 544 537 292 131 197 961 835 571 406 933 950 811 641 566 142 935 360 374 820 303 2 402 235 181 896 436 740 473 380 391 145 275 927 405 475 397 45 154 876 995 964 516 912 458 451 271 831 270 574 184 23 160 365 918
471590947 91
743 326 846 887 952 125 322 357 599 70 300 644 224 175 990 539 42 901 996 844 172 178 114 97 362 136 256 726 406 554 181 148 880 378 386 183 502 707 891 101 777 190 96 352 364 85 890 337 238 249 508 767 714 956 128 202 563 205 959 117 737 106 348 115 491 530 968 549 421 68 677 610 515 28 951 270 83 288 859 331 795 625 397 103 105 950 665 661 908 781 750
11722013 21
216 855 10 183 755 782 603 432 743 117 811 68 80 150 355 290 833 501 267 581 371
294594530 17
383 437 752 132 801 232 347 7 593 882 761 374 484 544 116 600 355
419843536 31
786 37 725 76 221 226 342 801 180 64 682 151 798 470 903 930 270 134 628 78 509 741 451 992 284 918 944 638 805 314 776
664179842 33
203 414 616 544 215 147 959 896 298 756 366 200 37 987 685 17 967 762 525 707 564 869 990 481 164 980 286 477 755 479 867 957 892
992504482 61
458 629 162 706 926 269 423 477 306 761 161 674 727 274 550 433 837 418 775 669 933 106 762 860 784 628 168 28 110 371 485 90 532 542 367 800 964 843 457 725 355 482 803 32 588 816 801 362 484 734 819 790 495 678 925 474 197 952 583 567 789
521778024 59
330 390 249 646 584 58 722 938 539 524 917 570 463 732 723 176 216 456 994 357 302 671 281 775 219 233 710 785 373 733 234 54 475 835 699 892 772 996 782 296 912 704 110 426 286 563 279 919 534 199 660 520 783 369 305 507 454 890 561
224728928 79
611 985 967 383 332 101 30 596 804 139 591 581 776 505 813 55 423 698 356 973 357 875 108 78 531 966 421 526 810 496 489 146 815 223 478 915 604 73 70 94 15 2 870 519 814 924 293 863 631 617 219 76 648 36 42 530 808 919 339 655 407 485 469 981 314 735 584 738 156 752 157 899 622 970 174 914 184 882 403
262553308 80
402 695 999 932 854 917 622 509 676 106 329 8 771 64 592 508 219 973 259 728 871 232 49 44 497 233 847 379 987 154 336 388 201 686 319 54 954 293 914 981 398 243 989 521 658 28 228 904 639 955 774 870 4 169 367 236 15 745 222 520 432 961 72 117 632 126 422 924 391 403 673 633 193 642 674 221 577 211 824 702
901450080 89
870 446 766 236 542 339 755 325 300 827 441 931 304 215 206 694 617 878 679 359 423 320 32 643 189 608 853 365 661 284 543 530 82 309 765 623 647 871 948 298 697 740 580 1000 954 785 46 922 15 724 280 437 43 311 79 584 918 283 578 842 459 999 502 223 974 501 94 921 798 142 12 378 494 318 514 539 239 528 614 519 964 656 829 394 591 99 28 538 946
53392380 98
944 233 61 917 733 506 189 531 1000 553 260 493 870 773 383 460 301 996 978 616 3 159 10 946 257 389 483 636 334 214 474 630 447 887 898 179 392 87 743 991 320 587 860 445 969 319 97 316 649 712 671 807 73 415 462 450 402 147 16 876 776 762 674 992 505 112 405 248 102 724 834 313 520 155 983 822 631 680 492 789 752 459 555 565 261 957 276 832 839 89 945 512 80 449 975 484 48 76
60611560 51
388 431 723 47 561 353 78 405 494 181 863 48 746 123 4 809 398 187 999 486 131 511 918 932 837 753 979 913 664 212 652 95 951 374 493 512 79 922 916 924 102 130 971 199 605 327 359 354 513 358 840
536077644 89
109 575 56 213 905 320 877 469 324 323 771 49 167 634 127 88 549 50 541 31 373 740 635 699 98 988 211 455 179 206 674 639 132 82 852 37 401 80 857 724 754 627 773 920 261 251 359 161 653 899 191 25 990 177 723 165 285 894 695 491 334 974 1 537 10 616 866 477 369 845 249 640 105 499 350 265 151 600 808 527 590 984 601 677 500 886 922 195 728
636935841 31
701 841 416 63 594 383 928 70 103 124 318 94 228 168 443 845 671 42 652 197 631 635 798 659 487 35 933 681 762 773 912
82342462 82
679 876 207 61 804 628 515 279 945 608 507 464 50 351 134 443 2 683 426 988 480 436 474 866 368 506 627 141 417 440 106 447 316 664 859 471 291 373 749 587 980 607 381 957 536 176 310 218 601 650 49 388 123 914 756 629 892 248 397 331 705 196 998 720 54 820 10 427 921 948 758 527 997 491 836 884 18 145 101 970 794 149
22969357 45
62 464 249 953 711 997 636 767 192 985 486 246 805 495 24 725 794 133 603 143 623 438 26 992 935 127 961 80 275 318 700 689 781 948 993 844 945 980 610 488 965 96 733 769 942
180877108 33
88 241 799 230 215 237 255 207 523 733 167 954 360 484 654 48 617 601 392 812 897 372 773 385 336 220 469 456 514 577 652 817 450
427056830 10
38 436 237 560 169 756 866 528 591 519
331888927 81
471 318 370 368 689 495 104 24 714 572 831 227 500 482 179 668 932 8 699 969 444 287 881 964 42 98 491 985 616 417 543 86 913 805 775 407 260 150 472 184 981 51 683 462 229 351 745 237 401 66 32 39 298 347 81 395 837 65 10 605 959 447 690 871 604 816 629 863 101 46 503 111 731 783 208 319 183 273 350 221 570
171691048 45
316 884 69 677 840 28 475 882 250 78 49 879 293 366 331 690 15 833 770 126 915 552 685 234 86 957 935 307 878 983 311 193 218 732 221 58 759 695 291 360 773 691 590 65 57
55997272 67
423 456 876 548 371 779 232 604 865 540 538 523 769 520 185 961 738 916 181 147 26 789 386 1000 479 975 416 887 247 521 310 702 396 209 72 527 793 675 743 332 565 265 101 436 801 413 525 717 946 671 94 173 811 524 642 454 939 528 52 459 189 753 207 398 177 85 542
957551203 4
873 767 443 325
165646555 69
90 79 311 387 750 405 911 912 235 434 553 40 372 433 91 182 621 196 740 370 824 926 2 136 45 444 812 599 39 901 677 701 639 778 457 549 690 692 334 594 731 57 26 174 239 999 369 330 368 92 506 279 859 766 413 303 577 11 693 830 745 468 817 202 858 893 702 452 975
402742759 62
148 349 827 868 30 547 311 887 177 680 746 942 92 400 518 455 347 494 836 167 662 37 535 520 281 236 323 608 346 151 755 46 330 975 76 876 285 962 52 316 707 993 408 106 510 214 549 209 737 375 368 125 909 239 758 496 561 365 194 712 119 393
805190445 31
268 82 628 671 397 686 663 804 144 524 369 44 732 427 132 106 147 257 366 385 14 214 298 378 407 361 848 997 753 645 20
910277726 8
690 122 679 704 278 174 227 646
994819218 43
73 349 416 571 957 134 955 322 699 252 51 105 612 251 453 364 895 467 735 972 460 776 93 139 479 722 664 58 720 233 368 144 934 135 714 890 268 668 564 966 272 614 422
280017235 68
227 599 110 693 685 81 153 461 526 643 291 247 306 348 966 539 715 824 850 174 65 469 194 628 787 465 242 208 699 457 434 649 919 479 686 351 631 146 876 625 788 475 930 136 792 820 202 253 995 403 778 60 872 971 687 10 435 280 569 486 89 355 134 7 833 819 709 815
899066316 46
439 456 763 720 943 554 540 144 158 886 899 936 945 122 906 632 131 693 263 699 178 351 53 663 709 885 834 418 501 354 489 956 116 209 898 21 100 394 531 985 292 466 930 413 723 913
999703543 59
175 241 944 526 646 607 234 882 440 651 933 940 356 421 248 823 629 145 196 728 538 726 713 829 543 994 265 906 135 32 80 975 605 373 581 191 254 372 193 186 664 549 959 911 723 587 55 918 667 945 643 379 773 185 724 366 802 500 833
574509708 80
807 665 951 740 855 557 111 399 94 126 299 52 36 22 639 91 939 305 35 934 159 470 758 524 271 738 376 103 445 954 262 461 905 1 667 463 66 554 589 364 958 976 385 948 676 252 452 609 638 963 430 747 838 701 484 565 155 280 519 416 741 423 768 407 235 583 472 140 523 188 449 498 572 396 916 599 999 719 559 636
223360681 81
734 519 689 217 83 843 497 953 611 589 727 730 347 313 312 819 453 834 358 901 332 929 297 599 528 647 317 86 283 998 426 16 868 114 585 302 309 433 607 271 21 333 1000 367 646 537 450 894 702 180 175 350 778 54 997 95 139 279 444 917 663 30 230 964 690 662 570 960 34 255 753 900 623 289 701 471 535 402 651 709 752
48387428 91
748 522 252 378 317 168 23 979 550 605 295 591 618 216 903 4 470 214 756 721 188 396 421 658 930 823 308 990 926 88 751 673 961 355 402 278 874 776 256 775 732 366 350 118 268 705 587 833 460 660 20 855 80 677 137 254 337 126 179 424 229 203 384 935 604 661 808 380 269 111 170 300 812 287 919 516 327 533 770 182 964 798 670 218 134 795 557 951 293 957 554
441323953 72
285 221 51 396 391 702 559 29 972 75 902 722 401 786 843 934 102 640 603 319 126 750 66 682 124 368 974 433 922 279 549 558 851 951 953 593 4 512 622 975 938 875 696 690 13 538 624 114 529 578 432 654 327 849 688 451 217 883 490 291 783 47 494 85 352 86 88 215 59 62 152 109
396401841 42
998 816 411 526 394 194 532 72 219 874 610 231 108 451 242 850 367 326 553 804 765 767 863 826 270 148 286 110 445 283 278 855 809 23 400 692 94 793 910 320 755 492
47466779 41
365 21 406 83 346 958 239 111 76 101 288 345 600 574 807 44 208 436 250 16 458 649 59 903 441 968 222 195 812 1 752 528 373 509 611 718 819 849 180 246 301
995702820 48
252 745 749 647 952 536 896 320 993 378 895 688 698 469 235 509 821 338 36 193 198 998 262 16 442 850 613 204 101 357 304 747 308 191 994 979 183 241 429 281 54 897 867 562 69 949 261 401
973213947 62
769 496 316 382 346 928 937 798 636 592 545 295 782 890 274 964 483 630 744 763 35 993 629 948 61 184 896 322 936 194 844 704 690 511 85 387 790 373 777 80 71 745 344 60 804 325 566 359 796 546 658 208 729 554 529 664 99 724 720 140 586 156
851152526 75
529 62 151 492 493 574 589 814 917 1000 617 594 155 534 304 302 79 962 510 159 867 38 175 965 114 894 457 699 49 334 74 929 395 576 773 888 149 361 701 418 712 670 11 203 666 168 634 627 29 792 845 67 318 162 532 211 618 230 612 951 655 540 698 231 312 585 379 24 637 796 736 306 158 602 861
25917824 69
846 802 150 989 999 568 307 160 99 517 777 680 128 79 335 668 776 917 979 712 295 355 701 443 90 358 952 43 218 127 163 63 281 664 404 279 583 710 438 33 226 566 713 706 996 399 725 124 315 55 835 609 409 535 403 498 893 707 540 462 833 877 113 718 280 743 653 180 685
67933566 42
397 271 445 147 347 568 461 402 754 422 810 289 824 660 533 530 199 994 715 605 870 827 675 501 570 327 489 101 11 407 550 760 29 906 376 913 367 129 666 788 938 954
411298963 66
838 845 500 832 559 104 53 385 778 554 306 456 394 759 819 800 308 578 829 653 835 556 565 553 684 582 692 621 888 7 922 725 851 421 761 524 961 497 654 514 803 109 907 561 927 707 220 856 887 872 43 442 788 947 125 369 991 97 256 997 18 981 199 438 959 314
819495848 29
967 361 609 427 620 169 706 678 388 913 564 611 955 5 398 254 481 767 244 577 374 592 595 354 790 384 594 748 697
920146441 7
15 154 163 442 773 683 147
201102450 85
59 365 33 366 369 431 619 201 549 214 777 922 805 723 628 594 459 221 693 155 661 246 522 814 760 963 938 443 461 387 865 871 751 897 588 471 679 558 671 227 771 800 501 575 874 128 168 332 348 212 839 360 810 712 526 569 26 463 363 486 202 579 708 304 476 296 127 506 853 149 85 624 300 585 550 174 64 70 857 763 281 47 122 442 758
285802999 22
783 462 725 620 15 304 328 670 131 975 796 636 827 945 72 802 596 656 704 769 71 773
928247978 77
53 24 307 495 134 305 857 916 118 933 888 132 236 215 802 366 541 949 354 719 245 425 521 841 433 576 961 503 348 938 336 752 314 642 598 447 298 806 714 416 739 601 547 974 167 700 692 707 1 45 426 821 85 253 873 398 108 572 335 795 323 1000 436 921 798 726 864 500 816 464 399 790 983 98 833 41 450
433324229 50
695 49 115 131 654 339 528 761 910 215 555 233 214 342 505 364 426 582 227 278 398 42 676 539 24 125 371 65 575 599 882 269 999 349 751 652 687 279 764 597 845 670 181 410 11 37 773 789 618 351
56697418 85
393 93 905 416 217 275 832 143 225 66 763 576 414 514 227 452 144 343 48 988 12 580 749 375 616 522 515 586 872 932 952 376 857 32 592 483 215 87 60 632 849 635 45 714 213 497 555 896 196 919 828 297 645 443 818 159 380 41 442 332 657 817 188 40 760 22 606 846 81 238 47 715 634 928 130 969 834 378 516 752 205 812 748 999 981
521455906 87
374 347 710 382 163 249 421 275 270 378 120 351 615 166 417 601 926 696 730 246 530 107 761 633 663 925 381 662 905 638 40 278 337 101 11 851 349 431 125 618 161 245 320 127 762 737 727 687 784 809 284 313 267 397 298 930 321 678 591 577 667 982 207 3 82 217 854 782 1000 978 751 160 574 423 286 336 511 365 294 173 658 607 439 54 904 368 726
329112933 94
302 599 643 508 602 76 77 807 857 784 960 235 358 382 872 693 892 236 66 185 760 75 143 199 128 398 918 205 682 580 507 281 222 366 234 650 442 40 506 517 175 817 103 884 198 327 928 441 914 346 626 674 420 120 224 900 518 141 104 72 962 831 294 680 416 295 121 455 800 990 982 617 444 217 166 770 145 607 684 490 584 709 261 703 932 160 572 424 616 771 496 929 953 608
502461369 42
729 175 586 70 156 554 513 725 72 635 869 678 670 710 261 378 970 315 661 482 887 436 449 9 931 377 961 423 985 329 209 65 504 147 134 11 52 998 735 123 632 955
122317152 19
664 412 30 986 79 42 819 965 478 267 973 760 643 933 535 979 614 95 43
571278469 8
528 479 293 526 566 767 509 520
875342919 45
536 682 543 521 760 937 339 724 414 957 48 525 599 333 59 578 946 154 972 746 500 244 390 377 161 157 237 681 427 750 568 108 645 440 868 581 778 943 346 734 991 222 684 323 281
294154613 72
786 937 33 883 436 628 273 164 789 781 400 821 207 502 740 314 146 179 181 78 308 476 775 393 466 996 76 140 41 759 765 977 143 648 764 770 920 927 910 700 678 82 906 173 219 676 351 752 753 658 579 879 50 44 875 478 183 518 941 619 846 435 266 609 204 185 535 236 564 899 141 743
400950072 81
770 422 814 875 432 392 753 481 787 979 310 969 833 827 261 451 24 695 716 632 251 900 518 68 487 82 318 627 176 389 689 945 163 855 819 946 598 924 778 385 902 88 705 734 266 184 290 364 899 921 614 150 439 33 636 872 351 47 91 655 991 605 509 162 550 106 85 328 842 986 767 547 72 32 216 255 321 579 154 242 193
825317655 87
577 291 903 279 256 949 370 910 326 770 452 228 888 907 69 226 673 967 297 704 182 25 761 408 618 305 63 649 881 705 551 160 960 851 222 141 558 991 945 785 218 184 43 639 409 715 605 57 771 139 147 899 367 764 555 781 435 485 666 946 797 868 178 18 360 736 304 872 930 840 267 568 600 981 524 9 103 662 968 249 912 686 364 818 467 479 303
387300144 9
99 11 80 468 371 167 828 26 390
534746757 3
656 676 817
63698989 67
825 91 213 144 692 476 181 55 294 647 534 250 302 29 151 752 392 230 220 762 396 399 139 138 507 708 793 182 524 781 732 700 872 944 843 563 772 23 969 417 22 854 666 675 883 816 426 274 46 997 387 395 877 282 901 584 75 434 459 855 166 158 78 109 352 992 232
393316727 41
648 748 814 313 422 48 129 199 673 526 196 411 670 590 288 952 843 223 378 276 682 232 441 191 310 902 543 653 485 269 613 133 368 779 797 141 826 277 339 851 154
79067534 92
824 476 548 127 670 771 504 297 804 87 738 994 748 991 536 401 475 156 13 959 523 143 756 15 969 32 354 171 186 239 431 361 66 979 839 101 342 384 256 428 473 249 176 815 137 576 289 292 940 600 167 83 355 533 403 238 573 275 829 3 987 894 333 825 981 785 166 716 40 946 188 641 2 129 400 642 772 339 241 290 773 947 823 527 37 60 99 311 888 454 650 134
681693138 66
466 923 992 181 314 937 368 306 409 721 434 160 362 206 498 955 847 623 901 669 149 289 729 600 952 968 53 601 101 190 74 566 464 65 746 130 353 465 787 761 185 573 272 547 122 853 976 744 753 645 892 394 725 843 345 692 895 945 793 437 370 358 252 435 456 733
410204787 32
872 900 105 444 171 3 573 292 855 387 959 544 631 352 268 473 48 312 720 992 104 508 714 813 759 148 844 286 540 715 537 644
364528510 50
998 82 351 852 981 90 162 877 720 514 496 544 913 807 263 257 262 770 970 427 881 469 46 724 754 585 790 291 580 299 350 577 732 52 428 64 141 942 292 860 455 788 756 719 946 18 975 560 944 986
754521020 7
31 95 518 616 884 808 195
991859534 2
124 617
173588560 76
680 701 844 972 912 650 111 667 369 408 37 343 967 176 639 952 195 50 335 289 919 302 524 726 848 409 586 971 25 146 874 704 198 717 27 461 367 489 480 87 897 516 429 215 691 419 167 237 821 853 877 739 154 752 817 1 160 402 324 184 899 197 239 96 265 266 909 983 106 388 69 2 255 850 569 297
526366268 20
885 88 939 761 827 92 512 643 444 671 396 767 206 295 963 742 580 61 650 562
425215167 38
631 520 995 832 88 643 451 174 527 539 112 287 717 555 150 711 351 172 458 117 377 752 432 173 494 11 233 495 924 751 236 906 271 582 737 710 225 188
283113236 67
78 347 390 146 254 891 208 604 63 665 72 791 769 503 963 262 865 548 108 789 298 695 46 920 277 783 982 501 322 217 603 751 915 992 248 520 883 807 123 297 471 547 87 239 401 402 852 266 301 312 406 950 358 451 222 634 585 203 486 258 771 89 360 37 80 959 557
802726314 93
31 610 588 577 49 826 978 450 30 243 750 693 1000 51 50 802 272 684 739 521 348 596 609 60 633 41 18 189 706 783 219 316 370 148 364 547 125 165 928 719 266 620 718 670 871 705 961 765 225 309 361 186 368 345 226 737 885 931 103 598 240 250 313 139 726 477 66 444 94 38 513 410 707 384 349 411 696 113 635 4 825 820 723 169 397 460 53 680 330 508 629 922 109
12819942 64
835 770 829 630 864 866 143 273 924 878 973 334 573 437 321 929 262 492 651 782 241 462 187 920 144 694 548 65 154 841 828 340 611 656 970 474 874 464 98 797 341 70 483 913 506 803 193 119 294 196 901 534 657 439 805 800 132 705 216 637 545 395 329 507
53658051 9
980 276 761 429 72 453 850 554 717
311639708 12
910 826 354 105 78 887 761 516 44 913 999 748
909416480 87
644 875 316 151 277 613 482 552 725 911 975 177 112 881 893 819 588 154 997 941 258 74 180 371 942 575 283 940 674 114 927 317 988 594 616 206 653 519 282 915 494 810 26 726 55 845 665 208 841 958 466 266 137 836 207 63 470 499 736 583 777 404 923 223 538 928 409 210 141 902 166 979 425 362 643 633 202 600 450 468 88 285 150 106 524 237 688
18201301 8
962 671 215 852 598 441 260 159
614267581 37
530 746 491 954 108 133 938 661 85 387 480 172 23 506 674 128 29 910 168 681 902 129 351 116 980 301 556 239 811 136 751 692 234 593 998 693 78
567735935 53
162 674 833 333 696 690 358 824 70 268 991 751 169 471 453 637 803 105 192 41 916 680 144 959 913 88 956 957 165 243 309 326 493 11 611 182 368 786 252 987 128 354 508 599 806 401 911 687 793 178 366 288 136
779058630 38
444 586 540 686 247 218 601 91 228 211 625 947 349 876 286 476 581 793 426 386 288 178 648 974 323 177 692 610 665 673 337 108 611 877 209 446 393 299
989534673 14
923 971 303 150 256 131 730 400 556 468 687 86 115 13
135202408 68
704 369 308 728 706 415 338 934 207 546 379 599 197 403 905 119 373 208 269 981 690 350 380 597 817 67 682 284 79 441 927 134 810 586 861 515 1000 551 448 206 178 156 644 580 60 115 304 619 735 660 84 16 257 253 82 938 888 512 731 814 997 540 751 209 406 750 759 853
865154307 27
382 814 554 961 225 20 616 196 754 252 855 190 267 111 794 700 401 681 211 131 846 207 670 596 767 75 345
275736878 43
3 436 12 816 341 324 40 361 939 235 114 190 90 655 808 552 448 507 952 480 69 82 325 275 103 920 394 529 616 271 159 618 58 170 785 398 493 825 758 784 411 224 500
78054230 4
52 678 639 355
239944509 16
789 834 334 243 105 79 772 721 349 282 690 406 804 475 648 651
39242913 55
61 136 756 913 366 240 964 395 230 670 903 937 458 88 623 701 193 824 265 402 105 306 807 260 780 962 908 782 875 338 843 10 445 755 375 684 70 121 914 739 24 202 549 111 176 249 655 229 72 919 630 528 577 436 788
13292356 19
695 490 272 384 332 633 829 438 360 864 507 480 777 597 855 331 145 318 506
521449745 11
86 168 595 715 696 171 503 835 878 252 881
381536367 86
264 698 507 444 487 218 308 993 436 942 904 118 438 573 624 183 897 61 350 491 776 397 661 278 231 538 881 463 905 755 727 954 261 522 441 831 829 785 528 617 78 783 734 516 356 709 604 770 399 94 545 796 106 174 378 643 54 841 899 160 919 205 772 440 997 602 621 781 481 237 211 970 726 971 679 775 574 448 525 19 344 672 124 869 50 922
822460242 57
433 160 925 204 951 921 806 571 53 286 807 263 901 777 340 871 466 796 254 991 166 949 662 641 817 711 759 90 304 479 522 815 403 725 766 675 530 336 727 168 495 342 68 271 681 291 77 147 438 682 137 604 982 150 244 798 861
676450354 76
516 832 760 331 586 484 96 260 366 783 339 885 277 680 952 547 360 594 975 858 32 8 346 635 989 496 230 138 708 584 376 223 767 135 553 353 971 1000 964 688 302 572 59 981 523 958 693 117 284 550 500 644 896 486 984 743 715 122 450 650 849 672 417 577 121 954 576 84 641 358 386 564 769 718 86 726
377323410 93
361 312 53 4 559 890 988 301 605 461 750 254 309 421 22 644 997 142 949 925 226 941 282 963 504 50 32 942 127 442 495 840 105 900 843 663 789 182 745 994 712 999 303 484 20 298 833 514 247 757 91 539 390 405 43 792 436 984 918 229 830 333 729 952 995 870 485 957 614 479 964 133 856 336 430 688 849 28 444 291 567 185 695 609 976 130 944 246 359 773 354 691 854
528465305 73
723 790 346 688 620 366 4 752 573 339 533 260 539 561 55 829 479 239 875 439 215 382 460 714 154 813 757 7 470 794 81 611 491 121 230 208 124 333 780 814 865 39 704 777 93 884 255 332 758 693 898 113 426 709 827 932 521 583 938 342 728 371 952 218 778 966 557 779 730 596 482 858 40
842416365 55
723 474 509 620 586 935 328 412 866 201 346 155 894 425 525 846 643 367 378 420 332 595 462 676 923 295 533 315 11 997 37 484 506 9 70 792 688 833 657 240 179 811 134 603 331 597 406 60 368 90 654 696 551 681 970
